-0.0631061 0 -0.998007
1.19411e-06 0 -1
1.21027e-06 0 -1
0 -2.488e-06 1
0 -1.45442e-06 1
0 -1.02129e-06 1
0 -5.36156e-07 1
0 -3.48058e-07 1
0 -1.48658e-07 1
0 -6.60859e-08 1
0 -2.47575e-07 1
0 -1.85309e-07 1
0 -1.5229e-07 1
0 -4.19557e-07 1
0 -3.86563e-07 1
0 -7.48542e-08 1
0 -7.12603e-08 1
0 -3.44624e-07 1
0 1.32392e-07 -1
0 7.20513e-08 -1
0 1.82158e-07 -1
-1.20766e-07 0 -1
6.32283e-08 0 -1
7.07065e-08 0 -1
-0.00124849 0 -0.999999
7.07065e-08 0 -1
6.32283e-08 0 -1
-1.20766e-07 0 -1
-0 1.82158e-07 1
-0 7.20513e-08 1
-0 1.32392e-07 1
0 -3.44624e-07 -1
0 -7.12603e-08 -1
0 -7.48542e-08 -1
0 -3.86563e-07 -1
0 -4.19557e-07 -1
0 -1.5229e-07 -1
0 -1.85309e-07 -1
0 -2.47575e-07 -1
0 -6.60859e-08 -1
0 -1.48658e-07 -1
0 -3.48058e-07 -1
0 -5.36156e-07 -1
0 -1.02129e-06 -1
0 -1.45442e-06 -1
0 -2.488e-06 -1
1.21027e-06 0 -1
1.19411e-06 0 -1
-0.141214 0 -0.989979
-0.078458 0 -0.996917
-0.0784556 0 -0.996918
-0 0.156142 0.987735
-0 0.115968 0.993253
-0 0.0886448 0.996063
-0 0.0683048 0.997664
-0 0.0596086 0.998222
-0 0.0448313 0.998995
-0 0.032113 0.999484
-0 0.0206848 0.999786
-0 0.0100234 0.99995
0 -0.000435619 1
0 -0.0106933 0.999943
0 -0.0213221 0.999773
0 -0.0378414 0.999284
0 -0.0513003 0.998683
0 -0.0672625 0.997735
0 0.0785593 -0.996909
0 0.101982 -0.994786
0 0.134817 -0.99087
-0.0784576 0 -0.996917
-0.0784592 0 -0.996917
-0.0784595 0 -0.996917
-0.0772143 0 -0.997015
-0.0784595 0 -0.996917
-0.0784592 0 -0.996917
-0.0784576 0 -0.996917
-0 0.134817 0.99087
-0 0.101982 0.994786
-0 0.0785593 0.996909
0 -0.0672625 -0.997735
0 -0.0513003 -0.998683
0 -0.0378414 -0.999284
0 -0.0213221 -0.999773
0 -0.0106933 -0.999943
0 -0.000435619 -1
0 0.0100234 -0.99995
0 0.0206848 -0.999786
0 0.032113 -0.999484
0 0.0448313 -0.998995
0 0.0596086 -0.998222
0 0.0683048 -0.997664
0 0.0886448 -0.996063
0 0.115968 -0.993253
0 0.156142 -0.987735
-0.0784556 0 -0.996918
-0.078458 0 -0.996917
-0.0937941 0 -0.995592
-0.156433 0 -0.987688
-0.156433 0 -0.987689
-0 0.300617 0.953745
-0 0.22673 0.973958
-0 0.174721 0.984618
-0 0.135257 0.990811
-0 0.118228 0.992986
-0 0.0891213 0.996021
-0 0.0639264 0.997955
-0 0.0412146 0.99915
-0 0.0199798 0.9998
0 -0.000870009 1
0 -0.0213165 0.999773
0 -0.0424842 0.999097
0 -0.0752876 0.997162
0 -0.101884 0.994796
0 -0.133217 0.991087
0 0.155218 -0.98788
0 0.20026 -0.979743
0 0.261821 -0.965117
-0.156434 0 -0.987688
-0.156433 0 -0.987689
-0.156433 0 -0.987689
-0.157666 0 -0.987492
-0.156433 0 -0.987689
-0.156433 0 -0.987689
-0.156434 0 -0.987688
-0 0.261821 0.965117
-0 0.20026 0.979743
-0 0.155218 0.98788
0 -0.133217 -0.991087
0 -0.101884 -0.994796
0 -0.0752876 -0.997162
0 -0.0424842 -0.999097
0 -0.0213165 -0.999773
0 -0.000870009 -1
0 0.0199798 -0.9998
0 0.0412146 -0.99915
0 0.0639264 -0.997955
0 0.0891213 -0.996021
0 0.118228 -0.992986
0 0.135257 -0.990811
0 0.174721 -0.984618
0 0.22673 -0.973958
0 0.300617 -0.953745
-0.156433 0 -0.987689
-0.156433 0 -0.987688
-0.294342 0 -0.9557
-0.233444 0 -0.97237
-0.233446 0 -0.97237
-0 0.425628 0.904898
-0 0.328156 0.944623
-0 0.255978 0.966683
-0 0.199612 0.979875
-0 0.174934 0.98458
-0 0.132353 0.991203
-0 0.09516 0.995462
-0 0.0614409 0.998111
-0 0.0298077 0.999556
0 -0.00129626 0.999999
0 -0.0318013 0.999494
0 -0.0633293 0.997993
0 -0.111964 0.993712
0 -0.151083 0.988521
0 -0.196668 0.98047
0 0.228281 -0.973595
0 0.291753 -0.956494
0 0.375249 -0.926924
0 0.490958 -0.871183
-0.233444 0 -0.97237
-0.233443 0 -0.97237
-0.234657 0 -0.972078
-0.233443 0 -0.97237
-0.233444 0 -0.97237
-0 0.490958 0.871183
-0 0.375249 0.926924
-0 0.291753 0.956494
-0 0.228281 0.973595
0 -0.196668 -0.98047
0 -0.151083 -0.988521
0 -0.111964 -0.993712
0 -0.0633293 -0.997993
0 -0.0318013 -0.999494
0 -0.00129626 -0.999999
0 0.0298077 -0.999556
0 0.0614409 -0.998111
0 0.09516 -0.995462
0 0.132353 -0.991203
0 0.174934 -0.98458
0 0.199612 -0.979875
0 0.255978 -0.966683
0 0.328156 -0.944623
0 0.425628 -0.904898
-0.233446 0 -0.97237
-0.233444 0 -0.97237
-0.248384 0 -0.968662
-0.309018 0 -0.951056
-0 0.670344 0.742051
-0 0.528544 0.848906
-0 0.417797 0.908541
-0 0.330791 0.943704
-0 0.260356 0.965513
-0 0.228948 0.973439
-0 0.174056 0.984736
-0 0.125538 0.992089
-0 0.0812172 0.996696
-0 0.0394431 0.999222
0 -0.00171688 0.999999
0 -0.042079 0.999114
0 -0.0837057 0.996491
0 -0.147515 0.98906
0 -0.198297 0.980142
0 -0.256631 0.96651
0 0.296427 -0.955055
0 0.374403 -0.927266
0 0.472343 -0.881415
0 0.597942 -0.801539
-0.309016 0 -0.951057
-0.309016 0 -0.951057
-0.310203 0 -0.95067
-0.309016 0 -0.951057
-0.309016 0 -0.951057
-0 0.597942 0.801539
-0 0.472343 0.881415
-0 0.374403 0.927266
-0 0.296427 0.955055
0 -0.256631 -0.96651
0 -0.198297 -0.980142
0 -0.147515 -0.98906
0 -0.0837057 -0.996491
0 -0.042079 -0.999114
0 -0.00171688 -0.999999
0 0.0394431 -0.999222
0 0.0812172 -0.996696
0 0.125538 -0.992089
0 0.174056 -0.984736
0 0.228948 -0.973439
0 0.260356 -0.965513
0 0.330791 -0.943704
0 0.417797 -0.908541
0 0.528544 -0.848906
0 0.670344 -0.742051
-0.309018 0 -0.951056
-0.32362 0 -0.946187
-0.382684 0 -0.923879
-0 0.745562 0.666437
-0 0.610615 0.791928
-0 0.494862 0.868972
-0 0.39819 0.917303
-0 0.316746 0.94851
-0 0.279642 0.960104
-0 0.213827 0.976872
-0 0.154816 0.987943
-0 0.100403 0.994947
-0 0.0488265 0.998807
0 -0.00212543 0.999998
0 -0.0520867 0.998643
0 -0.103468 0.994633
0 -0.18163 0.983367
0 -0.243033 0.970018
0 -0.312368 0.949961
0 0.358779 -0.933422
0 0.447233 -0.894418
0 0.552957 -0.83321
0 0.678582 -0.734525
0 0.818708 -0.57421
-0.382683 0 -0.92388
-0.383837 0 -0.923401
-0.382683 0 -0.92388
-0 0.818708 0.57421
-0 0.678582 0.734525
-0 0.552957 0.83321
-0 0.447233 0.894418
-0 0.358779 0.933422
0 -0.312368 -0.949961
0 -0.243033 -0.970018
0 -0.18163 -0.983367
0 -0.103468 -0.994633
0 -0.0520867 -0.998643
0 -0.00212543 -0.999998
0 0.0488265 -0.998807
0 0.100403 -0.994947
0 0.154816 -0.987943
0 0.213827 -0.976872
0 0.279642 -0.960104
0 0.316746 -0.94851
0 0.39819 -0.917303
0 0.494862 -0.868972
0 0.610615 -0.791928
0 0.745562 -0.666437
-0.382684 0 -0.923879
-0.396858 0 -0.91788
-0 0.914375 0.404868
-0 0.798664 0.601777
-0 0.674944 0.737869
-0 0.559813 0.828619
-0 0.457831 0.889039
-0 0.368316 0.929701
-0 0.326588 0.945167
-0 0.251342 0.967898
-0 0.182774 0.983155
-0 0.118867 0.99291
-0 0.0578963 0.998323
0 -0.00252156 0.999997
0 -0.061758 0.998091
0 -0.12248 0.992471
0 -0.21404 0.976825
0 -0.284911 0.958554
0 -0.363419 0.931626
0 0.414892 -0.909871
0 0.510188 -0.860063
0 0.618594 -0.785711
0 0.738713 -0.674021
0 0.860818 -0.508914
0 0.960033 -0.279888
0 1 -0
-0 0.960033 0.279888
-0 0.860818 0.508914
-0 0.738713 0.674021
-0 0.618594 0.785711
-0 0.510188 0.860063
-0 0.414892 0.909871
0 -0.363419 -0.931626
0 -0.284911 -0.958554
0 -0.21404 -0.976825
0 -0.12248 -0.992471
0 -0.061758 -0.998091
0 -0.00252156 -0.999997
0 0.0578963 -0.998323
0 0.118867 -0.99291
0 0.182774 -0.983155
0 0.251342 -0.967898
0 0.326588 -0.945167
0 0.368316 -0.929701
0 0.457831 -0.889039
0 0.559813 -0.828619
0 0.674944 -0.737869
0 0.798664 -0.601777
0 0.914375 -0.404868
0 1 -0
-0 0.93331 0.359071
-0 0.836649 0.54774
-0 0.72504 0.688707
-0 0.613823 0.789443
-0 0.509859 0.860258
-0 0.414858 0.909886
-0 0.369526 0.92922
-0 0.286347 0.958126
-0 0.209224 0.977868
-0 0.136492 0.990641
-0 0.0665982 0.99778
0 -0.00290417 0.999996
0 -0.0710344 0.997474
0 -0.14062 0.990064
0 -0.244528 0.969642
0 -0.323667 0.946171
0 -0.409572 0.912278
0 0.464694 -0.885471
0 0.56384 -0.825884
0 0.671463 -0.741039
0 0.783616 -0.621245
0 0.889506 -0.456924
0 0.969382 -0.245559
0 1 -0
-0 0.969382 0.245559
-0 0.889506 0.456924
-0 0.783616 0.621245
-0 0.671463 0.741039
-0 0.56384 0.825884
-0 0.464694 0.885471
0 -0.409572 -0.912278
0 -0.323667 -0.946171
0 -0.244528 -0.969642
0 -0.14062 -0.990064
0 -0.0710344 -0.997474
0 -0.00290417 -0.999996
0 0.0665982 -0.99778
0 0.136492 -0.990641
0 0.209224 -0.977868
0 0.286347 -0.958126
0 0.369526 -0.92922
0 0.414858 -0.909886
0 0.509859 -0.860258
0 0.613823 -0.789443
0 0.72504 -0.688707
0 0.836649 -0.54774
0 0.93331 -0.359071
0 1 -0
-0 0.946197 0.323591
-0 0.864291 0.502991
-0 0.764054 0.645152
-0 0.658374 0.752691
-0 0.554739 0.832024
-0 0.456383 0.889783
-0 0.408363 0.91282
-0 0.318677 0.947863
-0 0.23401 0.972234
-0 0.153168 0.9882
-0 0.074873 0.997193
0 -0.00326552 0.999995
0 -0.079856 0.996806
0 -0.157778 0.987475
0 -0.272923 0.962036
0 -0.359149 0.93328
0 -0.450817 0.892616
0 0.508386 -0.861129
0 0.609106 -0.793089
0 0.713842 -0.700307
0 0.817408 -0.576059
0 0.909651 -0.415373
0 0.975572 -0.219679
0 1 -0
-0 0.975572 0.219679
-0 0.909651 0.415373
-0 0.817408 0.576059
-0 0.713842 0.700307
-0 0.609106 0.793089
-0 0.508386 0.861129
0 -0.450817 -0.892616
0 -0.359149 -0.93328
0 -0.272923 -0.962036
0 -0.157778 -0.987475
0 -0.079856 -0.996806
0 -0.00326552 -0.999995
0 0.074873 -0.997193
0 0.153168 -0.9882
0 0.23401 -0.972234
0 0.318677 -0.947863
0 0.408363 -0.91282
0 0.456383 -0.889783
0 0.554739 -0.832024
0 0.658374 -0.752691
0 0.764054 -0.645152
0 0.864291 -0.502991
0 0.946197 -0.323591
0 1 -0
-0 0.955287 0.29568
-0 0.884774 0.466019
-0 0.794549 0.6072
-0 0.694944 0.719063
-0 0.593115 0.805118
-0 0.493052 0.87
-0 0.443117 0.896464
-0 0.348225 0.937411
-0 0.25701 0.966409
-0 0.1688 0.98565
-0 0.0826766 0.996576
0 -0.00360864 0.999993
0 -0.0881722 0.996105
0 -0.173853 0.984772
0 -0.299105 0.95422
0 -0.391292 0.920266
0 -0.487296 0.873237
0 0.546345 -0.83756
0 0.647023 -0.76247
0 0.747779 -0.663948
0 0.843102 -0.537753
0 0.924186 -0.381942
0 0.979858 -0.199695
0 1 -0
-0 0.979858 0.199695
-0 0.924186 0.381942
-0 0.843102 0.537753
-0 0.747779 0.663948
-0 0.647023 0.76247
-0 0.546345 0.83756
0 -0.487296 -0.873237
0 -0.391292 -0.920266
0 -0.299105 -0.95422
0 -0.173853 -0.984772
0 -0.0881722 -0.996105
0 -0.00360864 -0.999993
0 0.0826766 -0.996576
0 0.1688 -0.98565
0 0.25701 -0.966409
0 0.348225 -0.937411
0 0.443117 -0.896464
0 0.493052 -0.87
0 0.593115 -0.805118
0 0.694944 -0.719063
0 0.794549 -0.6072
0 0.884774 -0.466019
0 0.955287 -0.29568
-0 1 0
-0 0.961887 0.273446
-0 0.900198 0.43548
-0 0.818504 0.5745
-0 0.724879 0.688876
-0 0.625688 0.780073
-0 0.525118 0.851029
-0 0.473907 0.880575
-0 0.374949 0.927045
-0 0.27813 0.960543
-0 0.183304 0.983056
-0 0.089961 0.995945
0 -0.00392944 0.999992
0 -0.0959304 0.995388
0 -0.18876 0.982023
0 -0.322991 0.946402
0 -0.420109 0.907474
0 -0.51925 0.854622
0 0.579041 -0.815299
0 0.678617 -0.734492
0 -0.774978 0.631989
0 0.862845 -0.505469
0 0.934916 -0.35487
0 0.982929 -0.183984
-0 0.999999 0.00119576
-0 0.982929 0.183984
-0 0.934916 0.35487
-0 0.862845 0.505469
0 -0.774978 -0.631989
-0 0.678617 0.734492
-0 0.579041 0.815299
0 -0.51925 -0.854622
0 -0.420109 -0.907474
0 -0.322991 -0.946402
0 -0.18876 -0.982023
0 -0.0959304 -0.995388
0 -0.00392944 -0.999992
0 0.089961 -0.995945
0 0.183304 -0.983056
0 0.27813 -0.960543
0 0.374949 -0.927045
0 0.473907 -0.880575
0 0.525118 -0.851029
0 0.625688 -0.780073
0 0.724879 -0.688876
0 0.818504 -0.5745
0 0.900198 -0.43548
0 0.961887 -0.273446
-0 1 0
-0 0.966789 0.255577
-0 0.911972 0.410253
-0 0.837411 0.546574
-0 0.749329 0.662198
-0 0.653146 0.757232
-0 0.552901 0.833247
-0 0.500907 0.865501
-0 0.398849 0.917017
-0 0.297299 0.954784
-0 0.196605 0.980483
-0 0.0966822 0.995315
0 -0.0042252 0.999991
0 -0.103087 0.994672
0 -0.202424 0.979298
0 -0.344537 0.938773
0 -0.445665 0.8952
0 -0.546974 0.83715
0 0.606971 -0.794724
0 0.704822 -0.709384
0 0.796802 -0.60424
0 0.878154 -0.478378
0 0.942982 -0.332844
0 0.985187 -0.171483
-0 1 0
-0 0.985187 0.171483
-0 0.942982 0.332844
-0 0.878154 0.478378
-0 0.796802 0.60424
-0 0.704822 0.709384
-0 0.606971 0.794724
0 -0.546974 -0.83715
0 -0.445665 -0.8952
0 -0.344537 -0.938773
0 -0.202424 -0.979298
0 -0.103087 -0.994672
0 -0.0042252 -0.999991
0 0.0966822 -0.995315
0 0.196605 -0.980483
0 0.297299 -0.954784
0 0.398849 -0.917017
0 0.500907 -0.865501
0 0.552901 -0.833247
0 0.653146 -0.757232
0 0.749329 -0.662198
0 0.837411 -0.546574
0 0.911972 -0.410253
0 0.966789 -0.255577
-0 1 0
-0 0.970491 0.241139
-0 0.921051 0.389442
-0 0.852383 0.522919
-0 0.769247 0.638951
-0 0.676133 0.73678
-0 0.576731 0.816934
-0 0.524318 0.851522
-0 0.419962 0.907542
-0 0.314478 0.949265
-0 0.208642 0.977992
-0 0.102797 0.994702
0 -0.00449519 0.99999
0 -0.109601 0.993976
0 -0.214786 0.976661
0 -0.363726 0.931506
0 -0.468062 0.883695
0 -0.570783 0.821101
0 0.630628 -0.776085
0 0.726449 -0.68722
0 0.814318 -0.580419
0 0.890106 -0.455753
0 0.94913 -0.314883
0 0.98688 -0.161457
-0 1 0
-0 0.98688 0.161457
-0 0.94913 0.314883
-0 0.890106 0.455753
-0 0.814318 0.580419
-0 0.726449 0.68722
-0 0.630628 0.776085
0 -0.570783 -0.821101
0 -0.468062 -0.883695
0 -0.363726 -0.931506
0 -0.214786 -0.976661
0 -0.109601 -0.993976
0 -0.00449519 -0.99999
0 0.102797 -0.994702
0 0.208642 -0.977992
0 0.314478 -0.949265
0 0.419962 -0.907542
0 0.524318 -0.851522
0 0.576731 -0.816934
0 0.676133 -0.73678
0 0.769247 -0.638951
0 0.852383 -0.522919
0 0.921051 -0.389442
0 0.970491 -0.241139
-0 1 0
-0 0.973316 0.22947
-0 0.928096 0.372342
-0 0.864247 0.503068
-0 0.785398 0.618991
-0 0.695207 0.71881
-0 0.596932 0.802291
-0 0.544365 0.838849
-0 0.438346 0.898806
-0 0.329633 0.944109
-0 0.219363 0.975643
-0 0.108278 0.994121
0 -0.00473721 0.999989
0 -0.115433 0.993315
0 -0.22579 0.974176
0 -0.380561 0.924756
0 -0.487424 0.873165
0 -0.590994 0.806676
0 0.650463 -0.759538
0 0.744182 -0.667977
0 0.828349 -0.560212
0 0.899469 -0.436985
0 0.953857 -0.300261
0 0.988165 -0.153395
-0 1 0
-0 0.988165 0.153395
-0 0.953857 0.300261
-0 0.899469 0.436985
-0 0.828349 0.560212
-0 0.744182 0.667977
-0 0.650463 0.759538
0 -0.590994 -0.806676
0 -0.487424 -0.873165
0 -0.380561 -0.924756
0 -0.22579 -0.974176
0 -0.115433 -0.993315
0 -0.00473721 -0.999989
0 0.108278 -0.994121
0 0.219363 -0.975643
0 0.329633 -0.944109
0 0.438346 -0.898806
0 0.544365 -0.838849
0 0.596932 -0.802291
0 0.695207 -0.71881
0 0.785398 -0.618991
0 0.864247 -0.503068
0 0.928096 -0.372342
0 0.973316 -0.22947
-0 1 0
-0 0.975483 0.220075
-0 0.933565 0.358409
-0 0.873612 0.486623
-0 0.798393 0.602137
-0 0.710856 0.703337
-0 0.613813 0.789452
-0 0.56126 0.82764
-0 0.454073 0.890964
-0 0.342755 0.939425
-0 0.228727 0.973491
-0 0.11309 0.993585
0 -0.00494992 0.999988
0 -0.120552 0.992707
0 -0.235399 0.971899
0 -0.395062 0.918654
0 -0.503878 0.863775
0 -0.607896 0.794017
0 0.666874 -0.74517
0 0.758579 -0.651581
0 0.839524 -0.543323
0 0.906793 -0.421575
0 0.957501 -0.28843
0 0.989146 -0.146935
-0 1 0
-0 0.989146 0.146935
-0 0.957501 0.28843
-0 0.906793 0.421575
-0 0.839524 0.543323
-0 0.758579 0.651581
-0 0.666874 0.74517
0 -0.607896 -0.794017
0 -0.503878 -0.863775
0 -0.395062 -0.918654
0 -0.235399 -0.971899
0 -0.120552 -0.992707
0 -0.00494992 -0.999988
0 0.11309 -0.993585
0 0.228727 -0.973491
0 0.342755 -0.939425
0 0.454073 -0.890964
0 0.56126 -0.82764
0 0.613813 -0.789452
0 0.710856 -0.703337
0 0.798393 -0.602137
0 0.873612 -0.486623
0 0.933565 -0.358409
0 0.975483 -0.220075
-0 1 0
-0 0.977138 0.212606
-0 0.937784 0.347219
-0 0.880932 0.473243
-0 0.808706 0.588214
-0 0.723474 0.690352
-0 0.627633 0.778509
-0 0.575199 0.818014
-0 0.467221 0.884141
-0 0.353843 0.935305
-0 0.236702 0.971582
-0 0.117205 0.993108
0 -0.00513243 0.999987
0 -0.124933 0.992165
0 -0.243577 0.969882
0 -0.407256 0.913314
0 -0.517554 0.85565
0 -0.621749 0.783216
0 0.680205 -0.733022
0 0.770093 -0.637932
0 0.848322 -0.52948
0 0.912479 -0.409123
0 0.960297 -0.278981
0 0.989893 -0.141816
-0 1 0
-0 0.989893 0.141816
-0 0.960297 0.278981
-0 0.912479 0.409123
-0 0.848322 0.52948
-0 0.770093 0.637932
-0 0.680205 0.733022
0 -0.621749 -0.783216
0 -0.517554 -0.85565
0 -0.407256 -0.913314
0 -0.243577 -0.969882
0 -0.124933 -0.992165
0 -0.00513243 -0.999987
0 0.117205 -0.993108
0 0.236702 -0.971582
0 0.353843 -0.935305
0 0.467221 -0.884141
0 0.575199 -0.818014
0 0.627633 -0.778509
0 0.723474 -0.690352
0 0.808706 -0.588214
0 0.880932 -0.473243
0 0.937784 -0.347219
0 0.977138 -0.212606
-0 1 0
-0 0.978384 0.206795
-0 0.940985 0.338449
-0 0.886542 0.462648
-0 0.816704 0.577057
-0 0.733384 0.679815
-0 0.638631 0.769513
-0 0.586357 0.810053
-0 0.47786 0.878436
-0 0.362899 0.931829
-0 0.24326 0.969961
-0 0.120603 0.992701
0 -0.00528344 0.999986
0 -0.128548 0.991703
0 -0.2503 0.968168
0 -0.417175 0.908826
0 -0.52857 0.84889
0 -0.632779 0.774333
0 0.69074 -0.723104
0 0.779075 -0.626931
0 0.855101 -0.518461
0 0.916811 -0.39932
0 0.962409 -0.271605
0 0.990454 -0.137841
-0 1 0
-0 0.990454 0.137841
-0 0.962409 0.271605
-0 0.916811 0.39932
-0 0.855101 0.518461
-0 0.779075 0.626931
-0 0.69074 0.723104
0 -0.632779 -0.774333
0 -0.52857 -0.84889
0 -0.417175 -0.908826
0 -0.2503 -0.968168
0 -0.128548 -0.991703
0 -0.00528344 -0.999986
0 0.120603 -0.992701
0 0.24326 -0.969961
0 0.362899 -0.931829
0 0.47786 -0.878436
0 0.586357 -0.810053
0 0.638631 -0.769513
0 0.733384 -0.679815
0 0.816704 -0.577057
0 0.886542 -0.462648
0 0.940985 -0.338449
0 0.978384 -0.206795
-0 1 0
-0 0.979293 0.20245
-0 0.943331 0.331855
-0 0.890685 0.45462
-0 0.822664 0.568528
-0 0.740845 0.671676
-0 0.646991 0.762498
-0 0.59488 0.803814
-0 0.486061 0.873925
-0 0.36993 0.92906
-0 0.248377 0.968663
-0 0.123265 0.992374
0 -0.00540321 0.999985
0 -0.13138 0.991332
0 -0.255546 0.966797
0 -0.424852 0.905263
0 -0.537025 0.843566
0 -0.641168 0.7674
0 0.698706 -0.715409
0 0.785799 -0.618482
0 0.860128 -0.510079
0 0.919997 -0.391926
0 0.963951 -0.266078
0 0.990863 -0.134875
-0 1 0
-0 0.990863 0.134875
-0 0.963951 0.266078
-0 0.919997 0.391926
-0 0.860128 0.510079
-0 0.785799 0.618482
-0 0.698706 0.715409
0 -0.641168 -0.7674
0 -0.537025 -0.843566
0 -0.424852 -0.905263
0 -0.255546 -0.966797
0 -0.13138 -0.991332
0 -0.00540321 -0.999985
0 0.123265 -0.992374
0 0.248377 -0.968663
0 0.36993 -0.92906
0 0.486061 -0.873925
0 0.59488 -0.803814
0 0.646991 -0.762498
0 0.740845 -0.671676
0 0.822664 -0.568528
0 0.890685 -0.45462
0 0.943331 -0.331855
0 0.979293 -0.20245
-0 1 0
-0 0.979911 0.199435
-0 0.944933 0.327265
-0 0.893531 0.449002
-0 0.826787 0.562516
-0 0.746042 0.665899
-0 0.652857 0.757481
-0 0.600884 0.799336
-0 0.491877 0.870664
-0 0.374944 0.927048
-0 0.252044 0.967716
-0 0.125177 0.992134
0 -0.00548739 0.999985
0 -0.133414 0.99106
0 -0.259303 0.965796
0 -0.430314 0.902679
0 -0.543005 0.83973
0 -0.647059 0.76244
0 0.704275 -0.709928
0 0.790466 -0.612506
0 0.863593 -0.50419
0 0.92218 -0.386761
0 0.965004 -0.262236
0 0.99114 -0.132821
-0 1 0
-0 0.99114 0.132821
-0 0.965004 0.262236
-0 0.92218 0.386761
-0 0.863593 0.50419
-0 0.790466 0.612506
-0 0.704275 0.709928
0 -0.647059 -0.76244
0 -0.543005 -0.83973
0 -0.430314 -0.902679
0 -0.259303 -0.965796
0 -0.133414 -0.99106
0 -0.00548739 -0.999985
0 0.125177 -0.992134
0 0.252044 -0.967716
0 0.374944 -0.927048
0 0.491877 -0.870664
0 0.600884 -0.799336
0 0.652857 -0.757481
0 0.746042 -0.665899
0 0.826787 -0.562516
0 0.893531 -0.449002
0 0.944933 -0.327265
0 0.979911 -0.199435
-0 1 0
-0 0.98027 0.197662
-0 0.945867 0.324553
-0 0.895197 0.445671
-0 0.829208 0.55894
-0 0.74911 0.662445
-0 0.656338 0.754467
-0 0.604455 0.796639
-0 0.495348 0.868694
-0 0.377948 0.925827
-0 0.254246 0.96714
-0 0.126329 0.991988
0 -0.0055386 0.999985
0 -0.134636 0.990895
0 -0.261561 0.965187
0 -0.433582 0.901114
0 -0.546568 0.837415
0 -0.650553 0.75946
0 0.707568 -0.706646
0 0.793213 -0.608945
0 0.865623 -0.500696
0 0.923454 -0.383709
0 0.965616 -0.259973
0 0.991301 -0.131611
-0 1 0
-0 0.991301 0.131611
-0 0.965616 0.259973
-0 0.923454 0.383709
-0 0.865623 0.500696
-0 0.793213 0.608945
-0 0.707568 0.706646
0 -0.650553 -0.75946
0 -0.546568 -0.837415
0 -0.433582 -0.901114
0 -0.261561 -0.965187
0 -0.134636 -0.990895
0 -0.0055386 -0.999985
0 0.126329 -0.991988
0 0.254246 -0.96714
0 0.377948 -0.925827
0 0.495348 -0.868694
0 0.604455 -0.796639
0 0.656338 -0.754467
0 0.74911 -0.662445
0 0.829208 -0.55894
0 0.895197 -0.445671
0 0.945867 -0.324553
0 0.98027 -0.197662
0 1 0
-0 0.980388 0.197075
-0 0.946173 0.323661
-0 0.895743 0.444571
-0 0.830007 0.557753
-0 0.750123 0.661298
-0 0.65749 0.753463
-0 0.605639 0.795739
-0 0.496503 0.868035
-0 0.378948 0.925418
-0 0.254981 0.966946
-0 0.126711 0.99194
0 -0.00555621 0.999985
0 -0.135045 0.99084
0 -0.262314 0.964983
0 -0.434669 0.90059
0 -0.547751 0.836641
0 -0.651711 0.758468
0 0.708658 -0.705552
0 0.794119 -0.607762
0 0.866292 -0.499539
0 0.923873 -0.3827
0 0.965817 -0.259224
0 0.991354 -0.131213
0 1 0
-0 0.991354 0.131213
-0 0.965817 0.259224
-0 0.923873 0.3827
-0 0.866292 0.499539
-0 0.794119 0.607762
-0 0.708658 0.705552
0 -0.651711 -0.758468
0 -0.547751 -0.836641
0 -0.434669 -0.90059
0 -0.262314 -0.964983
0 -0.135045 -0.99084
0 -0.00555621 -0.999985
0 0.126711 -0.99194
0 0.254981 -0.966946
0 0.378948 -0.925418
0 0.496503 -0.868035
0 0.605639 -0.795739
0 0.65749 -0.753463
0 0.750123 -0.661298
0 0.830007 -0.557753
0 0.895743 -0.444571
0 0.946173 -0.323661
0 0.980388 -0.197075
0 1 0
-0 0.98027 0.197662
-0 0.945867 0.324553
-0 0.895197 0.445672
-0 0.829208 0.55894
-0 0.749111 0.662445
-0 0.656338 0.754467
-0 0.604455 0.796639
-0 0.495349 0.868694
-0 0.377948 0.925827
-0 0.254246 0.96714
-0 0.126329 0.991988
0 -0.00553855 0.999985
0 -0.134636 0.990895
0 -0.261561 0.965187
0 -0.433582 0.901114
0 -0.546568 0.837415
0 -0.650553 0.75946
0 0.707568 -0.706646
0 0.793213 -0.608945
0 0.865623 -0.500696
0 0.923454 -0.383709
0 0.965616 -0.259973
0 0.991301 -0.131611
0 1 0
-0 0.991301 0.131611
-0 0.965616 0.259973
-0 0.923454 0.383709
-0 0.865623 0.500696
-0 0.793213 0.608945
-0 0.707568 0.706646
0 -0.650553 -0.75946
0 -0.546568 -0.837415
0 -0.433582 -0.901114
0 -0.261561 -0.965187
0 -0.134636 -0.990895
0 -0.00553855 -0.999985
0 0.126329 -0.991988
0 0.254246 -0.96714
0 0.377948 -0.925827
0 0.495349 -0.868694
0 0.604455 -0.796639
0 0.656338 -0.754467
0 0.749111 -0.662445
0 0.829208 -0.55894
0 0.895197 -0.445672
0 0.945867 -0.324553
0 0.98027 -0.197662
0 1 0
-0 0.979911 0.199435
-0 0.944933 0.327264
-0 0.893531 0.449002
-0 0.826787 0.562516
-0 0.746043 0.665898
-0 0.652857 0.757481
-0 0.600885 0.799336
-0 0.491878 0.870664
-0 0.374944 0.927048
-0 0.252042 0.967716
-0 0.125177 0.992134
0 -0.00548731 0.999985
0 -0.133414 0.99106
0 -0.259303 0.965796
0 -0.430314 0.902679
0 -0.543005 0.839729
0 -0.647059 0.76244
0 0.704275 -0.709928
0 0.790466 -0.612506
0 0.863593 -0.50419
0 0.92218 -0.386761
0 0.965004 -0.262236
0 0.99114 -0.13282
0 1 0
-0 0.99114 0.13282
-0 0.965004 0.262236
-0 0.92218 0.386761
-0 0.863593 0.50419
-0 0.790466 0.612506
-0 0.704275 0.709928
0 -0.647059 -0.76244
0 -0.543005 -0.839729
0 -0.430314 -0.902679
0 -0.259303 -0.965796
0 -0.133414 -0.99106
0 -0.00548731 -0.999985
0 0.125177 -0.992134
0 0.252042 -0.967716
0 0.374944 -0.927048
0 0.491878 -0.870664
0 0.600885 -0.799336
0 0.652857 -0.757481
0 0.746043 -0.665898
0 0.826787 -0.562516
0 0.893531 -0.449002
0 0.944933 -0.327264
0 0.979911 -0.199435
0 1 0
-0 0.979293 0.202449
-0 0.943331 0.331855
-0 0.890685 0.45462
-0 0.822664 0.568527
-0 0.740845 0.671676
-0 0.646991 0.762498
-0 0.594881 0.803814
-0 0.486062 0.873925
-0 0.36993 0.92906
-0 0.248377 0.968663
-0 0.123265 0.992374
0 -0.00540311 0.999985
0 -0.13138 0.991332
0 -0.255546 0.966797
0 -0.424852 0.905263
0 -0.537026 0.843566
0 -0.641168 0.7674
0 0.698706 -0.715409
0 0.785799 -0.618482
0 0.860128 -0.510079
0 0.919997 -0.391925
0 0.963952 -0.266077
0 0.990863 -0.134874
0 1 0
-0 0.990863 0.134874
-0 0.963952 0.266077
-0 0.919997 0.391925
-0 0.860128 0.510079
-0 0.785799 0.618482
-0 0.698706 0.715409
0 -0.641168 -0.7674
0 -0.537026 -0.843566
0 -0.424852 -0.905263
0 -0.255546 -0.966797
0 -0.13138 -0.991332
0 -0.00540311 -0.999985
0 0.123265 -0.992374
0 0.248377 -0.968663
0 0.36993 -0.92906
0 0.486062 -0.873925
0 0.594881 -0.803814
0 0.646991 -0.762498
0 0.740845 -0.671676
0 0.822664 -0.568527
0 0.890685 -0.45462
0 0.943331 -0.331855
0 0.979293 -0.202449
0 1 0
-0 0.978384 0.206795
-0 0.940985 0.338449
-0 0.886542 0.462647
-0 0.816704 0.577057
-0 0.733384 0.679815
-0 0.638631 0.769513
-0 0.586357 0.810053
-0 0.47786 0.878436
-0 0.362899 0.931828
-0 0.24326 0.969961
-0 0.120603 0.992701
0 -0.00528543 0.999986
0 -0.128548 0.991703
0 -0.2503 0.968168
0 -0.417175 0.908826
0 -0.528569 0.84889
0 -0.632779 0.774332
0 0.69074 -0.723104
0 0.779075 -0.626931
0 0.855102 -0.518461
0 0.916812 -0.399319
0 0.962409 -0.271604
0 0.990454 -0.137841
0 1 0
-0 0.990454 0.137841
-0 0.962409 0.271604
-0 0.916812 0.399319
-0 0.855102 0.518461
-0 0.779075 0.626931
-0 0.69074 0.723104
0 -0.632779 -0.774332
0 -0.528569 -0.84889
0 -0.417175 -0.908826
0 -0.2503 -0.968168
0 -0.128548 -0.991703
0 -0.00528543 -0.999986
0 0.120603 -0.992701
0 0.24326 -0.969961
0 0.362899 -0.931828
0 0.47786 -0.878436
0 0.586357 -0.810053
0 0.638631 -0.769513
0 0.733384 -0.679815
0 0.816704 -0.577057
0 0.886542 -0.462647
0 0.940985 -0.338449
0 0.978384 -0.206795
0 1 0
-0 0.977138 0.212607
-0 0.937784 0.347219
-0 0.880932 0.473243
-0 0.808706 0.588213
-0 0.723474 0.690352
-0 0.627633 0.778509
-0 0.575199 0.818013
-0 0.467222 0.88414
-0 0.353843 0.935305
-0 0.236702 0.971582
-0 0.117206 0.993108
0 -0.00513441 0.999987
0 -0.124933 0.992165
0 -0.243577 0.969882
0 -0.407255 0.913314
0 -0.517554 0.85565
0 -0.621749 0.783216
0 0.680205 -0.733022
0 0.770092 -0.637933
0 0.848322 -0.52948
0 0.91248 -0.409122
0 0.960297 -0.278979
0 0.989893 -0.141815
0 1 0
-0 0.989893 0.141815
-0 0.960297 0.278979
-0 0.91248 0.409122
-0 0.848322 0.52948
-0 0.770092 0.637933
-0 0.680205 0.733022
0 -0.621749 -0.783216
0 -0.517554 -0.85565
0 -0.407255 -0.913314
0 -0.243577 -0.969882
0 -0.124933 -0.992165
0 -0.00513441 -0.999987
0 0.117206 -0.993108
0 0.236702 -0.971582
0 0.353843 -0.935305
0 0.467222 -0.88414
0 0.575199 -0.818013
0 0.627633 -0.778509
0 0.723474 -0.690352
0 0.808706 -0.588213
0 0.880932 -0.473243
0 0.937784 -0.347219
0 0.977138 -0.212607
0 1 0
-0 0.975483 0.220076
-0 0.933565 0.358409
-0 0.873612 0.486624
-0 0.798393 0.602137
-0 0.710856 0.703337
-0 0.61381 0.789453
-0 0.56126 0.827639
-0 0.454074 0.890964
-0 0.342756 0.939425
-0 0.228728 0.97349
-0 0.11309 0.993585
0 -0.00494975 0.999988
0 -0.120552 0.992707
0 -0.235399 0.971899
0 -0.395062 0.918655
0 -0.503878 0.863775
0 -0.607896 0.794017
0 0.666874 -0.745171
0 0.758579 -0.651581
0 0.839524 -0.543322
0 0.906794 -0.421573
0 0.957501 -0.288429
0 0.989146 -0.146935
0 1 0
-0 0.989146 0.146935
-0 0.957501 0.288429
-0 0.906794 0.421573
-0 0.839524 0.543322
-0 0.758579 0.651581
-0 0.666874 0.745171
0 -0.607896 -0.794017
0 -0.503878 -0.863775
0 -0.395062 -0.918655
0 -0.235399 -0.971899
0 -0.120552 -0.992707
0 -0.00494975 -0.999988
0 0.11309 -0.993585
0 0.228728 -0.97349
0 0.342756 -0.939425
0 0.454074 -0.890964
0 0.56126 -0.827639
0 0.61381 -0.789453
0 0.710856 -0.703337
0 0.798393 -0.602137
0 0.873612 -0.486624
0 0.933565 -0.358409
0 0.975483 -0.220076
0 1 0
-0 0.973316 0.229469
-0 0.928095 0.372343
-0 0.864247 0.503068
-0 0.785398 0.618991
-0 0.695209 0.718807
-0 0.596932 0.802291
-0 0.544365 0.838848
-0 0.438346 0.898806
-0 0.329632 0.944109
-0 0.219363 0.975643
-0 0.108278 0.994121
0 -0.00473732 0.999989
0 -0.115433 0.993315
0 -0.22579 0.974176
0 -0.380561 0.924756
0 -0.487424 0.873166
0 -0.590993 0.806676
0 0.650463 -0.759538
0 0.744182 -0.667977
0 0.82835 -0.560212
0 0.899469 -0.436985
0 0.953857 -0.300261
0 0.988165 -0.153396
0 1 0
-0 0.988165 0.153396
-0 0.953857 0.300261
-0 0.899469 0.436985
-0 0.82835 0.560212
-0 0.744182 0.667977
-0 0.650463 0.759538
0 -0.590993 -0.806676
0 -0.487424 -0.873166
0 -0.380561 -0.924756
0 -0.22579 -0.974176
0 -0.115433 -0.993315
0 -0.00473732 -0.999989
0 0.108278 -0.994121
0 0.219363 -0.975643
0 0.329632 -0.944109
0 0.438346 -0.898806
0 0.544365 -0.838848
0 0.596932 -0.802291
0 0.695209 -0.718807
0 0.785398 -0.618991
0 0.864247 -0.503068
0 0.928095 -0.372343
0 0.973316 -0.229469
0 1 0
-0 0.97049 0.24114
-0 0.921051 0.389443
-0 0.852384 0.522916
-0 0.769247 0.638952
-0 0.676132 0.73678
-0 0.576731 0.816934
-0 0.52432 0.851521
-0 0.419961 0.907542
-0 0.314477 0.949265
-0 0.208642 0.977992
-0 0.1028 0.994702
0 -0.00449528 0.99999
0 -0.109599 0.993976
0 -0.214786 0.976661
0 -0.363727 0.931506
0 -0.468063 0.883695
0 -0.570784 0.8211
0 0.630628 -0.776085
0 0.72645 -0.68722
0 0.814318 -0.580419
0 0.890106 -0.455754
0 0.94913 -0.314884
0 0.98688 -0.161455
0 1 0
-0 0.98688 0.161455
-0 0.94913 0.314884
-0 0.890106 0.455754
-0 0.814318 0.580419
-0 0.72645 0.68722
-0 0.630628 0.776085
0 -0.570784 -0.8211
0 -0.468063 -0.883695
0 -0.363727 -0.931506
0 -0.214786 -0.976661
0 -0.109599 -0.993976
0 -0.00449528 -0.99999
0 0.1028 -0.994702
0 0.208642 -0.977992
0 0.314477 -0.949265
0 0.419961 -0.907542
0 0.52432 -0.851521
0 0.576731 -0.816934
0 0.676132 -0.73678
0 0.769247 -0.638952
0 0.852384 -0.522916
0 0.921051 -0.389443
0 0.97049 -0.24114
0 1 0
-0 0.966789 0.255576
-0 0.911971 0.410254
-0 0.83741 0.546575
-0 0.74933 0.662197
-0 0.653145 0.757233
-0 0.5529 0.833247
-0 0.500906 0.865502
-0 0.398848 0.917017
-0 0.297301 0.954784
-0 0.196604 0.980483
-0 0.0966813 0.995315
0 -0.00422535 0.999991
0 -0.103088 0.994672
0 -0.202424 0.979298
0 -0.344538 0.938773
0 -0.445666 0.8952
0 -0.546973 0.83715
0 0.606971 -0.794724
0 0.704822 -0.709385
0 0.796802 -0.604241
0 0.878154 -0.478379
0 0.942982 -0.332844
0 0.985187 -0.171483
0 1 0
-0 0.985187 0.171483
-0 0.942982 0.332844
-0 0.878154 0.478379
-0 0.796802 0.604241
-0 0.704822 0.709385
-0 0.606971 0.794724
0 -0.546973 -0.83715
0 -0.445666 -0.8952
0 -0.344538 -0.938773
0 -0.202424 -0.979298
0 -0.103088 -0.994672
0 -0.00422535 -0.999991
0 0.0966813 -0.995315
0 0.196604 -0.980483
0 0.297301 -0.954784
0 0.398848 -0.917017
0 0.500906 -0.865502
0 0.5529 -0.833247
0 0.653145 -0.757233
0 0.74933 -0.662197
0 0.83741 -0.546575
0 0.911971 -0.410254
0 0.966789 -0.255576
0 1 0
-0 0.961887 0.273447
-0 0.900198 0.435481
-0 0.818504 0.574501
-0 0.724879 0.688877
-0 0.625687 0.780074
-0 0.525117 0.85103
-0 0.473908 0.880574
-0 0.374948 0.927046
-0 0.278128 0.960544
-0 0.183303 0.983057
-0 0.0899602 0.995945
0 -0.0039297 0.999992
0 -0.0959309 0.995388
0 -0.188758 0.982024
0 -0.322991 0.946402
0 -0.420109 0.907474
0 -0.51925 0.854622
0 0.579041 -0.815299
0 0.678616 -0.734493
0 0.774977 -0.631989
0 0.862844 -0.50547
0 0.934916 -0.35487
0 0.982929 -0.183985
-0 0.999999 0.00119576
-0 0.982929 0.183985
-0 0.934916 0.35487
-0 0.862844 0.50547
-0 0.774977 0.631989
-0 0.678616 0.734493
-0 0.579041 0.815299
0 -0.51925 -0.854622
0 -0.420109 -0.907474
0 -0.322991 -0.946402
0 -0.188758 -0.982024
0 -0.0959309 -0.995388
0 -0.0039297 -0.999992
0 0.0899602 -0.995945
0 0.183303 -0.983057
0 0.278128 -0.960544
0 0.374948 -0.927046
0 0.473908 -0.880574
0 0.525117 -0.85103
0 0.625687 -0.780074
0 0.724879 -0.688877
0 0.818504 -0.574501
0 0.900198 -0.435481
0 0.961887 -0.273447
0 1 0
-0 0.955287 0.295681
-0 0.884776 0.466017
-0 0.794549 0.607201
-0 0.694947 0.719061
-0 0.593117 0.805116
-0 0.493051 0.87
-0 0.443116 0.896464
-0 0.348224 0.937411
-0 0.257009 0.966409
-0 0.168801 0.98565
-0 0.0826788 0.996576
0 -0.00360885 0.999993
0 -0.0881703 0.996105
0 -0.173852 0.984772
0 -0.299106 0.95422
0 -0.391293 0.920266
0 -0.487297 0.873236
0 0.546345 -0.83756
0 0.647022 -0.762471
0 0.747779 -0.663948
0 0.843103 -0.537752
0 0.924187 -0.381941
0 0.979858 -0.199693
0 1 0
-0 0.979858 0.199693
-0 0.924187 0.381941
-0 0.843103 0.537752
-0 0.747779 0.663948
-0 0.647022 0.762471
-0 0.546345 0.83756
0 -0.487297 -0.873236
0 -0.391293 -0.920266
0 -0.299106 -0.95422
0 -0.173852 -0.984772
0 -0.0881703 -0.996105
0 -0.00360885 -0.999993
0 0.0826788 -0.996576
0 0.168801 -0.98565
0 0.257009 -0.966409
0 0.348224 -0.937411
0 0.443116 -0.896464
0 0.493051 -0.87
0 0.593117 -0.805116
0 0.694947 -0.719061
0 0.794549 -0.607201
0 0.884776 -0.466017
0 0.955287 -0.295681
0 1 0
-0 0.946197 0.32359
-0 0.864293 0.502988
-0 0.764054 0.645152
-0 0.658377 0.752689
-0 0.554742 0.832022
-0 0.456382 0.889784
-0 0.408362 0.91282
-0 0.318676 0.947864
-0 0.234008 0.972235
-0 0.153167 0.9882
-0 0.0748752 0.997193
0 -0.00326584 0.999995
0 -0.0798565 0.996806
0 -0.157777 0.987475
0 -0.272924 0.962036
0 -0.359149 0.93328
0 -0.450818 0.892616
0 0.508386 -0.861129
0 0.609105 -0.793089
0 0.713842 -0.700307
0 0.817409 -0.576058
0 0.909652 -0.415371
0 0.975572 -0.219678
0 1 0
-0 0.975572 0.219678
-0 0.909652 0.415371
-0 0.817409 0.576058
-0 0.713842 0.700307
-0 0.609105 0.793089
-0 0.508386 0.861129
0 -0.450818 -0.892616
0 -0.359149 -0.93328
0 -0.272924 -0.962036
0 -0.157777 -0.987475
0 -0.0798565 -0.996806
0 -0.00326584 -0.999995
0 0.0748752 -0.997193
0 0.153167 -0.9882
0 0.234008 -0.972235
0 0.318676 -0.947864
0 0.408362 -0.91282
0 0.456382 -0.889784
0 0.554742 -0.832022
0 0.658377 -0.752689
0 0.764054 -0.645152
0 0.864293 -0.502988
0 0.946197 -0.32359
0 1 0
-0 0.933312 0.359065
-0 0.83665 0.547738
-0 0.725041 0.688705
-0 0.613824 0.789443
-0 0.509859 0.860258
-0 0.414858 0.909886
-0 0.369528 0.92922
-0 0.286346 0.958126
-0 0.209223 0.977868
-0 0.136494 0.990641
-0 0.0665979 0.99778
0 -0.00290238 0.999996
0 -0.0710327 0.997474
0 -0.140621 0.990064
0 -0.244527 0.969642
0 -0.323667 0.946171
0 -0.409572 0.912278
0 0.464694 -0.885471
0 0.563841 -0.825883
0 0.671463 -0.741038
0 0.783616 -0.621245
0 0.889506 -0.456923
0 0.969382 -0.245558
0 1 0
-0 0.969382 0.245558
-0 0.889506 0.456923
-0 0.783616 0.621245
-0 0.671463 0.741038
-0 0.563841 0.825883
-0 0.464694 0.885471
0 -0.409572 -0.912278
0 -0.323667 -0.946171
0 -0.244527 -0.969642
0 -0.140621 -0.990064
0 -0.0710327 -0.997474
0 -0.00290238 -0.999996
0 0.0665979 -0.99778
0 0.136494 -0.990641
0 0.209223 -0.977868
0 0.286346 -0.958126
0 0.369528 -0.92922
0 0.414858 -0.909886
0 0.509859 -0.860258
0 0.613824 -0.789443
0 0.725041 -0.688705
0 0.83665 -0.547738
0 0.933312 -0.359065
0 1 0
-0 0.914376 0.404867
-0 0.798665 0.601776
-0 0.674944 0.737869
-0 0.559812 0.82862
-0 0.45783 0.88904
-0 0.368311 0.929703
-0 0.326584 0.945168
-0 0.251341 0.967899
-0 0.182773 0.983155
-0 0.118867 0.99291
-0 0.0578963 0.998323
0 -0.00252362 0.999997
0 -0.0617581 0.998091
0 -0.12248 0.992471
0 -0.214041 0.976825
0 -0.28491 0.958554
0 -0.363419 0.931626
0 0.414892 -0.909871
0 0.510188 -0.860063
0 0.618594 -0.785711
0 0.738713 -0.67402
0 0.860818 -0.508913
0 0.960033 -0.279888
0 1 0
-0 0.960033 0.279888
-0 0.860818 0.508913
-0 0.738713 0.67402
-0 0.618594 0.785711
-0 0.510188 0.860063
-0 0.414892 0.909871
0 -0.363419 -0.931626
0 -0.28491 -0.958554
0 -0.214041 -0.976825
0 -0.12248 -0.992471
0 -0.0617581 -0.998091
0 -0.00252362 -0.999997
0 0.0578963 -0.998323
0 0.118867 -0.99291
0 0.182773 -0.983155
0 0.251341 -0.967899
0 0.326584 -0.945168
0 0.368311 -0.929703
0 0.45783 -0.88904
0 0.559812 -0.82862
0 0.674944 -0.737869
0 0.798665 -0.601776
0 0.914376 -0.404867
-0.32362 0 0.946187
-0.382683 0 0.92388
-0 0.745563 0.666435
-0 0.610616 0.791927
-0 0.494863 0.868971
-0 0.39819 0.917303
-0 0.316746 0.948511
-0 0.279641 0.960105
-0 0.213827 0.976872
-0 0.154816 0.987943
-0 0.100403 0.994947
-0 0.0488267 0.998807
0 -0.00212537 0.999998
0 -0.0520867 0.998643
0 -0.103467 0.994633
0 -0.18163 0.983367
0 -0.243033 0.970018
0 -0.312367 0.949961
0 0.358779 -0.933423
0 0.447234 -0.894417
0 0.552958 -0.833209
0 0.678582 -0.734525
0 0.818708 -0.57421
-0.382683 0 0.92388
-0.383837 0 0.923401
-0.382683 0 0.92388
-0 0.818708 0.57421
-0 0.678582 0.734525
-0 0.552958 0.833209
-0 0.447234 0.894417
-0 0.358779 0.933423
0 -0.312367 -0.949961
0 -0.243033 -0.970018
0 -0.18163 -0.983367
0 -0.103467 -0.994633
0 -0.0520867 -0.998643
0 -0.00212537 -0.999998
0 0.0488267 -0.998807
0 0.100403 -0.994947
0 0.154816 -0.987943
0 0.213827 -0.976872
0 0.279641 -0.960105
0 0.316746 -0.948511
0 0.39819 -0.917303
0 0.494863 -0.868971
0 0.610616 -0.791927
0 0.745563 -0.666435
-0.382683 0 0.92388
-0.248385 0 0.968661
-0.309019 0 0.951056
-0 0.670345 0.742049
-0 0.528546 0.848905
-0 0.417798 0.90854
-0 0.33079 0.943704
-0 0.260356 0.965513
-0 0.228947 0.973439
-0 0.174056 0.984736
-0 0.125538 0.992089
-0 0.0812171 0.996696
-0 0.0394427 0.999222
0 -0.00171705 0.999999
0 -0.0420792 0.999114
0 -0.083706 0.99649
0 -0.147515 0.98906
0 -0.198297 0.980142
0 -0.256631 0.966509
0 0.296427 -0.955055
0 0.374403 -0.927266
0 0.472343 -0.881415
0 0.597942 -0.801539
-0.309016 0 0.951057
-0.309016 0 0.951057
-0.310203 0 0.95067
-0.309016 0 0.951057
-0.309016 0 0.951057
-0 0.597942 0.801539
-0 0.472343 0.881415
-0 0.374403 0.927266
-0 0.296427 0.955055
0 -0.256631 -0.966509
0 -0.198297 -0.980142
0 -0.147515 -0.98906
0 -0.083706 -0.99649
0 -0.0420792 -0.999114
0 -0.00171705 -0.999999
0 0.0394427 -0.999222
0 0.0812171 -0.996696
0 0.125538 -0.992089
0 0.174056 -0.984736
0 0.228947 -0.973439
0 0.260356 -0.965513
0 0.33079 -0.943704
0 0.417798 -0.90854
0 0.528546 -0.848905
0 0.670345 -0.742049
-0.309019 0 0.951056
-0.29434 0 0.955701
-0.233446 0 0.97237
-0.233444 0 0.97237
-0 0.425626 0.904899
-0 0.328155 0.944624
-0 0.255975 0.966683
-0 0.19961 0.979875
-0 0.174936 0.98458
-0 0.132352 0.991203
-0 0.0951597 0.995462
-0 0.0614434 0.998111
-0 0.0298072 0.999556
0 -0.00129645 0.999999
0 -0.0318016 0.999494
0 -0.0633299 0.997993
0 -0.111963 0.993712
0 -0.151083 0.988521
0 -0.196669 0.98047
0 0.228281 -0.973595
0 0.291754 -0.956493
0 0.375249 -0.926924
0 0.490958 -0.871183
-0.233444 0 0.97237
-0.233443 0 0.97237
-0.23223 0 0.972661
-0.233443 0 0.97237
-0.233444 0 0.97237
-0 0.490958 0.871183
-0 0.375249 0.926924
-0 0.291754 0.956493
-0 0.228281 0.973595
0 -0.196669 -0.98047
0 -0.151083 -0.988521
0 -0.111963 -0.993712
0 -0.0633299 -0.997993
0 -0.0318016 -0.999494
0 -0.00129645 -0.999999
0 0.0298072 -0.999556
0 0.0614434 -0.998111
0 0.0951597 -0.995462
0 0.132352 -0.991203
0 0.174936 -0.98458
0 0.19961 -0.979875
0 0.255975 -0.966683
0 0.328155 -0.944624
0 0.425626 -0.904899
-0.233444 0 0.97237
-0.233446 0 0.97237
-0.218452 0 0.975848
-0.156436 0 0.987688
-0.156436 0 0.987688
-0 0.300613 0.953746
-0 0.226734 0.973957
-0 0.174719 0.984618
-0 0.135255 0.990811
-0 0.118227 0.992987
-0 0.0891206 0.996021
-0 0.0639256 0.997955
-0 0.0412175 0.99915
-0 0.0199793 0.9998
0 -0.00086842 1
0 -0.0213168 0.999773
0 -0.0424849 0.999097
0 -0.0752883 0.997162
0 -0.101885 0.994796
0 -0.133218 0.991087
0 0.155217 -0.98788
0 0.200259 -0.979743
0 0.261821 -0.965116
-0.156434 0 0.987688
-0.156434 0 0.987688
-0.156433 0 0.987689
-0.157666 0 0.987492
-0.156433 0 0.987689
-0.156434 0 0.987688
-0.156434 0 0.987688
-0 0.261821 0.965116
-0 0.200259 0.979743
-0 0.155217 0.98788
0 -0.133218 -0.991087
0 -0.101885 -0.994796
0 -0.0752883 -0.997162
0 -0.0424849 -0.999097
0 -0.0213168 -0.999773
0 -0.00086842 -1
0 0.0199793 -0.9998
0 0.0412175 -0.99915
0 0.0639256 -0.997955
0 0.0891206 -0.996021
0 0.118227 -0.992987
0 0.135255 -0.990811
0 0.174719 -0.984618
0 0.226734 -0.973957
0 0.300613 -0.953746
-0.156436 0 0.987688
-0.156436 0 0.987688
-0.141213 0 0.989979
-0.0784575 0 0.996917
-0.078459 0 0.996917
-0 0.15614 0.987735
-0 0.115968 0.993253
-0 0.0886496 0.996063
-0 0.0683037 0.997665
-0 0.0596088 0.998222
-0 0.0448341 0.998994
-0 0.0321127 0.999484
-0 0.0206844 0.999786
-0 0.0100232 0.99995
0 -0.000435828 1
0 -0.0106934 0.999943
0 -0.0213226 0.999773
0 -0.0378419 0.999284
0 -0.0513007 0.998683
0 -0.0672628 0.997735
0 0.0785596 -0.996909
0 0.101982 -0.994786
0 0.134818 -0.99087
-0.0784581 0 0.996917
-0.0784596 0 0.996917
-0.0784597 0 0.996917
-0.0772145 0 0.997015
-0.0784597 0 0.996917
-0.0784596 0 0.996917
-0.0784581 0 0.996917
-0 0.134818 0.99087
-0 0.101982 0.994786
-0 0.0785596 0.996909
0 -0.0672628 -0.997735
0 -0.0513007 -0.998683
0 -0.0378419 -0.999284
0 -0.0213226 -0.999773
0 -0.0106934 -0.999943
0 -0.000435828 -1
0 0.0100232 -0.99995
0 0.0206844 -0.999786
0 0.0321127 -0.999484
0 0.0448341 -0.998994
0 0.0596088 -0.998222
0 0.0683037 -0.997665
0 0.0886496 -0.996063
0 0.115968 -0.993253
0 0.15614 -0.987735
-0.078459 0 0.996917
-0.0784575 0 0.996917
0.0631067 -0 0.998007
-8.89439e-07 0 1
-1.45872e-06 0 1
-0 3.15086e-06 1
-0 2.11317e-06 1
-0 1.9089e-06 1
-0 1.24285e-06 1
-0 9.04996e-07 1
-0 1.24046e-06 1
-0 6.622e-07 1
-0 8.79677e-07 1
-0 5.8632e-07 1
-0 3.20538e-07 1
-0 1.24079e-07 1
-0 2.61326e-07 1
-0 1.95623e-07 1
-0 2.02011e-07 1
-0 6.96131e-08 1
0 5.1993e-07 -1
0 6.03507e-07 -1
0 1.26155e-06 -1
-7.72756e-07 0 1
4.54756e-08 -0 1
6.19e-08 -0 1
0.00124842 -0 0.999999
6.19e-08 -0 1
4.54756e-08 -0 1
-7.72756e-07 0 1
-0 1.26155e-06 1
-0 6.03507e-07 1
-0 5.1993e-07 1
0 6.96131e-08 -1
0 2.02011e-07 -1
0 1.95623e-07 -1
0 2.61326e-07 -1
0 1.24079e-07 -1
0 3.20538e-07 -1
0 5.8632e-07 -1
0 8.79677e-07 -1
0 6.622e-07 -1
0 1.24046e-06 -1
0 9.04996e-07 -1
0 1.24285e-06 -1
0 1.9089e-06 -1
0 2.11317e-06 -1
0 3.15086e-06 -1
-1.45872e-06 0 1
-8.89439e-07 0 1
0.0153895 -0 0.999882
0.0784598 -0 0.996917
0.0784572 -0 0.996917
0 -0.156144 0.987734
0 -0.11597 0.993253
0 -0.0886465 0.996063
0 -0.0683071 0.997664
0 -0.0596103 0.998222
0 -0.0448326 0.998995
0 -0.0321112 0.999484
0 -0.0206862 0.999786
0 -0.0100216 0.99995
-0 0.000436437 1
-0 0.0106919 0.999943
-0 0.0213228 0.999773
-0 0.0378405 0.999284
-0 0.0512989 0.998683
-0 0.0672633 0.997735
0 -0.0785599 -0.996909
0 -0.101981 -0.994786
0 -0.134818 -0.99087
0.0784578 -0 0.996917
0.0784585 -0 0.996917
0.0784596 -0 0.996917
0.079704 -0 0.996819
0.0784596 -0 0.996917
0.0784585 -0 0.996917
0.0784578 -0 0.996917
0 -0.134818 0.99087
0 -0.101981 0.994786
0 -0.0785599 0.996909
0 0.0672633 -0.997735
0 0.0512989 -0.998683
0 0.0378405 -0.999284
0 0.0213228 -0.999773
0 0.0106919 -0.999943
0 0.000436437 -1
0 -0.0100216 -0.99995
0 -0.0206862 -0.999786
0 -0.0321112 -0.999484
0 -0.0448326 -0.998995
0 -0.0596103 -0.998222
0 -0.0683071 -0.997664
0 -0.0886465 -0.996063
0 -0.11597 -0.993253
0 -0.156144 -0.987734
0.0784572 -0 0.996917
0.0784598 -0 0.996917
0.0937943 -0 0.995592
0.156435 -0 0.987688
0.156435 -0 0.987688
0 -0.300611 0.953747
0 -0.226732 0.973957
0 -0.174717 0.984619
0 -0.135255 0.990811
0 -0.118227 0.992987
0 -0.0891231 0.996021
0 -0.0639279 0.997955
0 -0.0412166 0.99915
0 -0.0199785 0.9998
-0 0.000869191 1
-0 0.0213154 0.999773
-0 0.0424855 0.999097
-0 0.0752883 0.997162
-0 0.101885 0.994796
-0 0.133216 0.991087
0 -0.155218 -0.98788
0 -0.20026 -0.979743
0 -0.261821 -0.965116
0.156434 -0 0.987688
0.156434 -0 0.987688
0.156434 -0 0.987688
0.155201 -0 0.987883
0.156434 -0 0.987688
0.156434 -0 0.987688
0.156434 -0 0.987688
0 -0.261821 0.965116
0 -0.20026 0.979743
0 -0.155218 0.98788
0 0.133216 -0.991087
0 0.101885 -0.994796
0 0.0752883 -0.997162
0 0.0424855 -0.999097
0 0.0213154 -0.999773
0 0.000869191 -1
0 -0.0199785 -0.9998
0 -0.0412166 -0.99915
0 -0.0639279 -0.997955
0 -0.0891231 -0.996021
0 -0.118227 -0.992987
0 -0.135255 -0.990811
0 -0.174717 -0.984619
0 -0.226732 -0.973957
0 -0.300611 -0.953747
0.156435 -0 0.987688
0.156435 -0 0.987688
0.294343 -0 0.9557
0.233446 -0 0.97237
0.233444 -0 0.97237
0 -0.425626 0.904899
0 -0.32816 0.944622
0 -0.25598 0.966682
0 -0.199609 0.979876
0 -0.174937 0.98458
0 -0.132351 0.991203
0 -0.0951588 0.995462
0 -0.0614428 0.998111
0 -0.0298066 0.999556
-0 0.00129723 0.999999
-0 0.0318006 0.999494
-0 0.0633307 0.997993
-0 0.111963 0.993712
-0 0.151082 0.988521
-0 0.196669 0.98047
0 -0.22828 -0.973595
0 -0.291755 -0.956493
0 -0.37525 -0.926923
0 -0.490956 -0.871184
0.233444 -0 0.97237
0.233444 -0 0.97237
0.234658 -0 0.972078
0.233444 -0 0.97237
0.233444 -0 0.97237
0 -0.490956 0.871184
0 -0.37525 0.926923
0 -0.291755 0.956493
0 -0.22828 0.973595
0 0.196669 -0.98047
0 0.151082 -0.988521
0 0.111963 -0.993712
0 0.0633307 -0.997993
0 0.0318006 -0.999494
0 0.00129723 -0.999999
0 -0.0298066 -0.999556
0 -0.0614428 -0.998111
0 -0.0951588 -0.995462
0 -0.132351 -0.991203
0 -0.174937 -0.98458
0 -0.199609 -0.979876
0 -0.25598 -0.966682
0 -0.32816 -0.944622
0 -0.425626 -0.904899
0.233444 -0 0.97237
0.233446 -0 0.97237
0.248379 -0 0.968663
0.309016 -0 0.951057
0 -0.670345 0.742049
0 -0.528546 0.848904
0 -0.417794 0.908542
0 -0.330793 0.943703
0 -0.260358 0.965512
0 -0.228946 0.973439
0 -0.174054 0.984736
0 -0.12554 0.992089
0 -0.0812196 0.996696
0 -0.0394445 0.999222
-0 0.00171785 0.999999
-0 0.0420802 0.999114
-0 0.0837068 0.99649
-0 0.147515 0.98906
-0 0.198295 0.980142
-0 0.256629 0.96651
0 -0.296428 -0.955055
0 -0.374403 -0.927266
0 -0.472344 -0.881414
0 -0.597944 -0.801538
0.309016 -0 0.951057
0.309015 -0 0.951057
0.307828 -0 0.951442
0.309015 -0 0.951057
0.309016 -0 0.951057
0 -0.597944 0.801538
0 -0.472344 0.881414
0 -0.374403 0.927266
0 -0.296428 0.955055
0 0.256629 -0.96651
0 0.198295 -0.980142
0 0.147515 -0.98906
0 0.0837068 -0.99649
0 0.0420802 -0.999114
0 0.00171785 -0.999999
0 -0.0394445 -0.999222
0 -0.0812196 -0.996696
0 -0.12554 -0.992089
0 -0.174054 -0.984736
0 -0.228946 -0.973439
0 -0.260358 -0.965512
0 -0.330793 -0.943703
0 -0.417794 -0.908542
0 -0.528546 -0.848904
0 -0.670345 -0.742049
0.309016 -0 0.951057
0.323617 -0 0.946188
0.382685 -0 0.923879
0 -0.74556 0.666439
0 -0.610618 0.791925
0 -0.494864 0.86897
0 -0.398187 0.917304
0 -0.316747 0.94851
0 -0.27964 0.960105
0 -0.213828 0.976871
0 -0.154815 0.987944
0 -0.100405 0.994947
0 -0.0488256 0.998807
-0 0.00212629 0.999998
-0 0.052088 0.998643
-0 0.103469 0.994633
-0 0.181629 0.983367
-0 0.243032 0.970018
-0 0.312366 0.949962
0 -0.358779 -0.933423
0 -0.447233 -0.894418
0 -0.552957 -0.83321
0 -0.678581 -0.734526
0 -0.818707 -0.574211
0.382683 -0 0.92388
0.381528 -0 0.924357
0.382683 -0 0.92388
0 -0.818707 0.574211
0 -0.678581 0.734526
0 -0.552957 0.83321
0 -0.447233 0.894418
0 -0.358779 0.933423
0 0.312366 -0.949962
0 0.243032 -0.970018
0 0.181629 -0.983367
0 0.103469 -0.994633
0 0.052088 -0.998643
0 0.00212629 -0.999998
0 -0.0488256 -0.998807
0 -0.100405 -0.994947
0 -0.154815 -0.987944
0 -0.213828 -0.976871
0 -0.27964 -0.960105
0 -0.316747 -0.94851
0 -0.398187 -0.917304
0 -0.494864 -0.86897
0 -0.610618 -0.791925
0 -0.74556 -0.666439
0.382685 -0 0.923879
0 -1 0
0 -0.914375 0.404868
0 -0.798667 0.601774
0 -0.674947 0.737866
0 -0.559812 0.82862
0 -0.457829 0.88904
0 -0.368314 0.929701
0 -0.326586 0.945167
0 -0.251341 0.967899
0 -0.182773 0.983155
0 -0.11887 0.99291
0 -0.0578954 0.998323
-0 0.00252224 0.999997
-0 0.0617588 0.998091
-0 0.122481 0.992471
-0 0.214041 0.976825
-0 0.284909 0.958555
-0 0.363418 0.931626
0 -0.414891 -0.909871
0 -0.510188 -0.860063
0 -0.618594 -0.785711
0 -0.738713 -0.674021
0 -0.860817 -0.508914
0 -0.960032 -0.279889
0 -1 0
0 -0.960032 0.279889
0 -0.860817 0.508914
0 -0.738713 0.674021
0 -0.618594 0.785711
0 -0.510188 0.860063
0 -0.414891 0.909871
0 0.363418 -0.931626
0 0.284909 -0.958555
0 0.214041 -0.976825
0 0.122481 -0.992471
0 0.0617588 -0.998091
0 0.00252224 -0.999997
0 -0.0578954 -0.998323
0 -0.11887 -0.99291
0 -0.182773 -0.983155
0 -0.251341 -0.967899
0 -0.326586 -0.945167
0 -0.368314 -0.929701
0 -0.457829 -0.88904
0 -0.559812 -0.82862
0 -0.674947 -0.737866
0 -0.798667 -0.601774
0 -0.914375 -0.404868
0 -1 0
0 -0.933312 0.359067
0 -0.836649 0.54774
0 -0.725041 0.688706
0 -0.613824 0.789443
0 -0.509858 0.860259
0 -0.414857 0.909887
0 -0.369528 0.92922
0 -0.286346 0.958126
0 -0.209223 0.977868
0 -0.136493 0.990641
0 -0.0665977 0.99778
-0 0.00290259 0.999996
-0 0.071033 0.997474
-0 0.140621 0.990063
-0 0.244528 0.969642
-0 0.323667 0.946171
-0 0.409572 0.912278
0 -0.464694 -0.885471
0 -0.563841 -0.825883
0 -0.671463 -0.741038
0 -0.783616 -0.621245
0 -0.889506 -0.456923
0 -0.969382 -0.245558
0 -1 0
0 -0.969382 0.245558
0 -0.889506 0.456923
0 -0.783616 0.621245
0 -0.671463 0.741038
0 -0.563841 0.825883
0 -0.464694 0.885471
0 0.409572 -0.912278
0 0.323667 -0.946171
0 0.244528 -0.969642
0 0.140621 -0.990063
0 0.071033 -0.997474
0 0.00290259 -0.999996
0 -0.0665977 -0.99778
0 -0.136493 -0.990641
0 -0.209223 -0.977868
0 -0.286346 -0.958126
0 -0.369528 -0.92922
0 -0.414857 -0.909887
0 -0.509858 -0.860259
0 -0.613824 -0.789443
0 -0.725041 -0.688706
0 -0.836649 -0.54774
0 -0.933312 -0.359067
0 -1 0
0 -0.946197 0.32359
0 -0.864293 0.502988
0 -0.764054 0.645152
0 -0.658377 0.752689
0 -0.554742 0.832022
0 -0.456382 0.889784
0 -0.408362 0.91282
0 -0.318676 0.947864
0 -0.234008 0.972235
0 -0.153167 0.9882
0 -0.0748753 0.997193
-0 0.00326584 0.999995
-0 0.0798565 0.996806
-0 0.157777 0.987475
-0 0.272923 0.962036
-0 0.359149 0.93328
-0 0.450817 0.892616
0 -0.508386 -0.861129
0 -0.609105 -0.793089
0 -0.713841 -0.700307
0 -0.817409 -0.576058
0 -0.909652 -0.415371
0 -0.975572 -0.219678
0 -1 0
0 -0.975572 0.219678
0 -0.909652 0.415371
0 -0.817409 0.576058
0 -0.713841 0.700307
0 -0.609105 0.793089
0 -0.508386 0.861129
0 0.450817 -0.892616
0 0.359149 -0.93328
0 0.272923 -0.962036
0 0.157777 -0.987475
0 0.0798565 -0.996806
0 0.00326584 -0.999995
0 -0.0748753 -0.997193
0 -0.153167 -0.9882
0 -0.234008 -0.972235
0 -0.318676 -0.947864
0 -0.408362 -0.91282
0 -0.456382 -0.889784
0 -0.554742 -0.832022
0 -0.658377 -0.752689
0 -0.764054 -0.645152
0 -0.864293 -0.502988
0 -0.946197 -0.32359
0 -1 0
0 -0.955287 0.295681
0 -0.884776 0.466017
0 -0.794549 0.607201
0 -0.694947 0.719061
0 -0.593117 0.805116
0 -0.493051 0.87
0 -0.443116 0.896464
0 -0.348224 0.937411
0 -0.257009 0.966409
0 -0.168801 0.98565
0 -0.0826788 0.996576
-0 0.00360885 0.999993
-0 0.0881703 0.996105
-0 0.173852 0.984772
-0 0.299106 0.95422
-0 0.391293 0.920266
-0 0.487297 0.873236
0 -0.546345 -0.83756
0 -0.647022 -0.762471
0 -0.747779 -0.663948
0 -0.843103 -0.537752
0 -0.924187 -0.381941
0 -0.979858 -0.199693
0 -1 0
0 -0.979858 0.199693
0 -0.924187 0.381941
0 -0.843103 0.537752
0 -0.747779 0.663948
0 -0.647022 0.762471
0 -0.546345 0.83756
0 0.487297 -0.873236
0 0.391293 -0.920266
0 0.299106 -0.95422
0 0.173852 -0.984772
0 0.0881703 -0.996105
0 0.00360885 -0.999993
0 -0.0826788 -0.996576
0 -0.168801 -0.98565
0 -0.257009 -0.966409
0 -0.348224 -0.937411
0 -0.443116 -0.896464
0 -0.493051 -0.87
0 -0.593117 -0.805116
0 -0.694947 -0.719061
0 -0.794549 -0.607201
0 -0.884776 -0.466017
0 -0.955287 -0.295681
0 -1 0
0 -0.961887 0.273447
0 -0.900198 0.435481
0 -0.818504 0.574501
0 -0.724879 0.688877
0 -0.625687 0.780074
0 -0.525117 0.85103
0 -0.473908 0.880574
0 -0.374948 0.927046
0 -0.278128 0.960544
0 -0.183303 0.983057
0 -0.0899602 0.995945
-0 0.0039297 0.999992
-0 0.0959309 0.995388
-0 0.188758 0.982024
-0 0.322991 0.946402
-0 0.420109 0.907474
-0 0.51925 0.854622
0 -0.579041 -0.815299
0 -0.678616 -0.734493
0 -0.774977 -0.631989
0 -0.862844 -0.50547
0 -0.934916 -0.35487
0 -0.982929 -0.183985
0 -0.999999 0.00119576
0 -0.982929 0.183985
0 -0.934916 0.35487
0 -0.862844 0.50547
0 -0.774977 0.631989
0 -0.678616 0.734493
0 -0.579041 0.815299
0 0.51925 -0.854622
0 0.420109 -0.907474
0 0.322991 -0.946402
0 0.188758 -0.982024
0 0.0959309 -0.995388
0 0.0039297 -0.999992
0 -0.0899602 -0.995945
0 -0.183303 -0.983057
0 -0.278128 -0.960544
0 -0.374948 -0.927046
0 -0.473908 -0.880574
0 -0.525117 -0.85103
0 -0.625687 -0.780074
0 -0.724879 -0.688877
0 -0.818504 -0.574501
0 -0.900198 -0.435481
0 -0.961887 -0.273447
0 -1 0
0 -0.966789 0.255576
0 -0.911971 0.410254
0 -0.83741 0.546575
0 -0.74933 0.662197
0 -0.653145 0.757233
0 -0.5529 0.833247
0 -0.500906 0.865502
0 -0.398848 0.917017
0 -0.297301 0.954784
0 -0.196604 0.980483
0 -0.0966813 0.995315
-0 0.00422535 0.999991
-0 0.103088 0.994672
-0 0.202424 0.979298
-0 0.344538 0.938773
-0 0.445666 0.8952
-0 0.546973 0.83715
0 -0.606971 -0.794724
0 -0.704822 -0.709385
0 -0.796802 -0.604241
0 -0.878154 -0.478379
0 -0.942982 -0.332844
0 -0.985187 -0.171483
0 -1 0
0 -0.985187 0.171483
0 -0.942982 0.332844
0 -0.878154 0.478379
0 -0.796802 0.604241
0 -0.704822 0.709385
0 -0.606971 0.794724
0 0.546973 -0.83715
0 0.445666 -0.8952
0 0.344538 -0.938773
0 0.202424 -0.979298
0 0.103088 -0.994672
0 0.00422535 -0.999991
0 -0.0966813 -0.995315
0 -0.196604 -0.980483
0 -0.297301 -0.954784
0 -0.398848 -0.917017
0 -0.500906 -0.865502
0 -0.5529 -0.833247
0 -0.653145 -0.757233
0 -0.74933 -0.662197
0 -0.83741 -0.546575
0 -0.911971 -0.410254
0 -0.966789 -0.255576
0 -1 0
0 -0.97049 0.24114
0 -0.921051 0.389443
0 -0.852384 0.522916
0 -0.769247 0.638952
0 -0.676132 0.73678
0 -0.576731 0.816934
0 -0.52432 0.851521
0 -0.419961 0.907542
0 -0.314477 0.949265
0 -0.208642 0.977992
0 -0.1028 0.994702
-0 0.00449528 0.99999
-0 0.109599 0.993976
-0 0.214786 0.976661
-0 0.363727 0.931506
-0 0.468063 0.883695
-0 0.570784 0.8211
0 -0.630628 -0.776085
0 -0.72645 -0.68722
0 -0.814318 -0.580419
0 -0.890106 -0.455754
0 -0.94913 -0.314884
0 -0.98688 -0.161455
0 -1 0
0 -0.98688 0.161455
0 -0.94913 0.314884
0 -0.890106 0.455754
0 -0.814318 0.580419
0 -0.72645 0.68722
0 -0.630628 0.776085
0 0.570784 -0.8211
0 0.468063 -0.883695
0 0.363727 -0.931506
0 0.214786 -0.976661
0 0.109599 -0.993976
0 0.00449528 -0.99999
0 -0.1028 -0.994702
0 -0.208642 -0.977992
0 -0.314477 -0.949265
0 -0.419961 -0.907542
0 -0.52432 -0.851521
0 -0.576731 -0.816934
0 -0.676132 -0.73678
0 -0.769247 -0.638952
0 -0.852384 -0.522916
0 -0.921051 -0.389443
0 -0.97049 -0.24114
0 -1 0
0 -0.973316 0.229469
0 -0.928095 0.372343
0 -0.864247 0.503068
0 -0.785398 0.618991
0 -0.695209 0.718807
0 -0.596932 0.802291
0 -0.544365 0.838848
0 -0.438346 0.898806
0 -0.329632 0.944109
0 -0.219363 0.975643
0 -0.108278 0.994121
-0 0.00473732 0.999989
-0 0.115433 0.993315
-0 0.22579 0.974176
-0 0.380561 0.924756
-0 0.487424 0.873166
-0 0.590993 0.806676
0 -0.650463 -0.759538
0 -0.744182 -0.667977
0 -0.82835 -0.560212
0 -0.899469 -0.436985
0 -0.953857 -0.300261
0 -0.988165 -0.153396
0 -1 0
0 -0.988165 0.153396
0 -0.953857 0.300261
0 -0.899469 0.436985
0 -0.82835 0.560212
0 -0.744182 0.667977
0 -0.650463 0.759538
0 0.590993 -0.806676
0 0.487424 -0.873166
0 0.380561 -0.924756
0 0.22579 -0.974176
0 0.115433 -0.993315
0 0.00473732 -0.999989
0 -0.108278 -0.994121
0 -0.219363 -0.975643
0 -0.329632 -0.944109
0 -0.438346 -0.898806
0 -0.544365 -0.838848
0 -0.596932 -0.802291
0 -0.695209 -0.718807
0 -0.785398 -0.618991
0 -0.864247 -0.503068
0 -0.928095 -0.372343
0 -0.973316 -0.229469
0 -1 0
0 -0.975483 0.220076
0 -0.933565 0.358409
0 -0.873612 0.486624
0 -0.798393 0.602137
0 -0.710856 0.703337
0 -0.61381 0.789453
0 -0.56126 0.827639
0 -0.454074 0.890964
0 -0.342756 0.939425
0 -0.228728 0.97349
0 -0.11309 0.993585
-0 0.00494975 0.999988
-0 0.120552 0.992707
-0 0.235399 0.971899
-0 0.395062 0.918655
-0 0.503878 0.863775
-0 0.607896 0.794017
0 -0.666874 -0.745171
0 -0.758579 -0.651581
0 -0.839524 -0.543322
0 -0.906794 -0.421573
0 -0.957501 -0.288429
0 -0.989146 -0.146935
0 -1 0
0 -0.989146 0.146935
0 -0.957501 0.288429
0 -0.906794 0.421573
0 -0.839524 0.543322
0 -0.758579 0.651581
0 -0.666874 0.745171
0 0.607896 -0.794017
0 0.503878 -0.863775
0 0.395062 -0.918655
0 0.235399 -0.971899
0 0.120552 -0.992707
0 0.00494975 -0.999988
0 -0.11309 -0.993585
0 -0.228728 -0.97349
0 -0.342756 -0.939425
0 -0.454074 -0.890964
0 -0.56126 -0.827639
0 -0.61381 -0.789453
0 -0.710856 -0.703337
0 -0.798393 -0.602137
0 -0.873612 -0.486624
0 -0.933565 -0.358409
0 -0.975483 -0.220076
0 -1 0
0 -0.977138 0.212607
0 -0.937784 0.347219
0 -0.880932 0.473243
0 -0.808706 0.588213
0 -0.723474 0.690352
0 -0.627633 0.778509
0 -0.575199 0.818013
0 -0.467222 0.88414
0 -0.353843 0.935305
0 -0.236702 0.971582
0 -0.117206 0.993108
-0 0.00513441 0.999987
-0 0.124933 0.992165
-0 0.243577 0.969882
-0 0.407255 0.913314
-0 0.517554 0.85565
-0 0.621749 0.783216
0 -0.680205 -0.733022
0 -0.770092 -0.637933
0 -0.848322 -0.52948
0 -0.91248 -0.409122
0 -0.960297 -0.278979
0 -0.989893 -0.141815
0 -1 0
0 -0.989893 0.141815
0 -0.960297 0.278979
0 -0.91248 0.409122
0 -0.848322 0.52948
0 -0.770092 0.637933
0 -0.680205 0.733022
0 0.621749 -0.783216
0 0.517554 -0.85565
0 0.407255 -0.913314
0 0.243577 -0.969882
0 0.124933 -0.992165
0 0.00513441 -0.999987
0 -0.117206 -0.993108
0 -0.236702 -0.971582
0 -0.353843 -0.935305
0 -0.467222 -0.88414
0 -0.575199 -0.818013
0 -0.627633 -0.778509
0 -0.723474 -0.690352
0 -0.808706 -0.588213
0 -0.880932 -0.473243
0 -0.937784 -0.347219
0 -0.977138 -0.212607
0 -1 0
0 -0.978384 0.206795
0 -0.940985 0.338449
0 -0.886542 0.462647
0 -0.816704 0.577057
0 -0.733384 0.679815
0 -0.638631 0.769513
0 -0.586357 0.810053
0 -0.47786 0.878436
0 -0.362899 0.931828
0 -0.24326 0.969961
0 -0.120603 0.992701
-0 0.00528543 0.999986
-0 0.128548 0.991703
-0 0.2503 0.968168
-0 0.417175 0.908826
-0 0.528569 0.84889
-0 0.632779 0.774332
0 -0.69074 -0.723104
0 -0.779075 -0.626931
0 -0.855102 -0.518461
0 -0.916812 -0.399319
0 -0.962409 -0.271604
0 -0.990454 -0.137841
0 -1 0
0 -0.990454 0.137841
0 -0.962409 0.271604
0 -0.916812 0.399319
0 -0.855102 0.518461
0 -0.779075 0.626931
0 -0.69074 0.723104
0 0.632779 -0.774332
0 0.528569 -0.84889
0 0.417175 -0.908826
0 0.2503 -0.968168
0 0.128548 -0.991703
0 0.00528543 -0.999986
0 -0.120603 -0.992701
0 -0.24326 -0.969961
0 -0.362899 -0.931828
0 -0.47786 -0.878436
0 -0.586357 -0.810053
0 -0.638631 -0.769513
0 -0.733384 -0.679815
0 -0.816704 -0.577057
0 -0.886542 -0.462647
0 -0.940985 -0.338449
0 -0.978384 -0.206795
0 -1 0
0 -0.979293 0.202449
0 -0.943331 0.331855
0 -0.890685 0.45462
0 -0.822664 0.568527
0 -0.740845 0.671676
0 -0.646991 0.762498
0 -0.594881 0.803814
0 -0.486062 0.873925
0 -0.36993 0.92906
0 -0.248377 0.968663
0 -0.123265 0.992374
-0 0.00540311 0.999985
-0 0.13138 0.991332
-0 0.255546 0.966797
-0 0.424852 0.905263
-0 0.537026 0.843566
-0 0.641168 0.7674
0 -0.698706 -0.715409
0 -0.785799 -0.618482
0 -0.860128 -0.510079
0 -0.919997 -0.391925
0 -0.963952 -0.266077
0 -0.990863 -0.134874
0 -1 0
0 -0.990863 0.134874
0 -0.963952 0.266077
0 -0.919997 0.391925
0 -0.860128 0.510079
0 -0.785799 0.618482
0 -0.698706 0.715409
0 0.641168 -0.7674
0 0.537026 -0.843566
0 0.424852 -0.905263
0 0.255546 -0.966797
0 0.13138 -0.991332
0 0.00540311 -0.999985
0 -0.123265 -0.992374
0 -0.248377 -0.968663
0 -0.36993 -0.92906
0 -0.486062 -0.873925
0 -0.594881 -0.803814
0 -0.646991 -0.762498
0 -0.740845 -0.671676
0 -0.822664 -0.568527
0 -0.890685 -0.45462
0 -0.943331 -0.331855
0 -0.979293 -0.202449
0 -1 0
0 -0.979911 0.199435
0 -0.944933 0.327264
0 -0.893531 0.449002
0 -0.826787 0.562516
0 -0.746043 0.665898
0 -0.652857 0.757481
0 -0.600885 0.799336
0 -0.491878 0.870664
0 -0.374944 0.927048
0 -0.252042 0.967716
0 -0.125177 0.992134
-0 0.00548731 0.999985
-0 0.133414 0.99106
-0 0.259303 0.965796
-0 0.430314 0.902679
-0 0.543005 0.839729
-0 0.647059 0.76244
0 -0.704275 -0.709928
0 -0.790466 -0.612506
0 -0.863593 -0.50419
0 -0.92218 -0.386761
0 -0.965004 -0.262236
0 -0.99114 -0.13282
0 -1 0
0 -0.99114 0.13282
0 -0.965004 0.262236
0 -0.92218 0.386761
0 -0.863593 0.50419
0 -0.790466 0.612506
0 -0.704275 0.709928
0 0.647059 -0.76244
0 0.543005 -0.839729
0 0.430314 -0.902679
0 0.259303 -0.965796
0 0.133414 -0.99106
0 0.00548731 -0.999985
0 -0.125177 -0.992134
0 -0.252042 -0.967716
0 -0.374944 -0.927048
0 -0.491878 -0.870664
0 -0.600885 -0.799336
0 -0.652857 -0.757481
0 -0.746043 -0.665898
0 -0.826787 -0.562516
0 -0.893531 -0.449002
0 -0.944933 -0.327264
0 -0.979911 -0.199435
0 -1 0
0 -0.98027 0.197662
0 -0.945867 0.324553
0 -0.895197 0.445672
0 -0.829208 0.55894
0 -0.749111 0.662445
0 -0.656338 0.754467
0 -0.604455 0.796639
0 -0.495349 0.868694
0 -0.377948 0.925827
0 -0.254246 0.96714
0 -0.126329 0.991988
-0 0.00553855 0.999985
-0 0.134636 0.990895
-0 0.261561 0.965187
-0 0.433582 0.901114
-0 0.546568 0.837415
-0 0.650553 0.75946
0 -0.707568 -0.706646
0 -0.793213 -0.608945
0 -0.865623 -0.500696
0 -0.923454 -0.383709
0 -0.965616 -0.259973
0 -0.991301 -0.131611
0 -1 0
0 -0.991301 0.131611
0 -0.965616 0.259973
0 -0.923454 0.383709
0 -0.865623 0.500696
0 -0.793213 0.608945
0 -0.707568 0.706646
0 0.650553 -0.75946
0 0.546568 -0.837415
0 0.433582 -0.901114
0 0.261561 -0.965187
0 0.134636 -0.990895
0 0.00553855 -0.999985
0 -0.126329 -0.991988
0 -0.254246 -0.96714
0 -0.377948 -0.925827
0 -0.495349 -0.868694
0 -0.604455 -0.796639
0 -0.656338 -0.754467
0 -0.749111 -0.662445
0 -0.829208 -0.55894
0 -0.895197 -0.445672
0 -0.945867 -0.324553
0 -0.98027 -0.197662
0 -1 0
0 -0.980388 0.197075
0 -0.946173 0.323661
0 -0.895743 0.444571
0 -0.830007 0.557753
0 -0.750123 0.661298
0 -0.65749 0.753463
0 -0.605639 0.795739
0 -0.496503 0.868035
0 -0.378948 0.925418
0 -0.254981 0.966946
0 -0.126711 0.99194
-0 0.00555621 0.999985
-0 0.135045 0.99084
-0 0.262314 0.964983
-0 0.434669 0.90059
-0 0.547751 0.836641
-0 0.651711 0.758468
0 -0.708658 -0.705552
0 -0.794119 -0.607762
0 -0.866292 -0.499539
0 -0.923873 -0.3827
0 -0.965817 -0.259224
0 -0.991354 -0.131213
0 -1 0
0 -0.991354 0.131213
0 -0.965817 0.259224
0 -0.923873 0.3827
0 -0.866292 0.499539
0 -0.794119 0.607762
0 -0.708658 0.705552
0 0.651711 -0.758468
0 0.547751 -0.836641
0 0.434669 -0.90059
0 0.262314 -0.964983
0 0.135045 -0.99084
0 0.00555621 -0.999985
0 -0.126711 -0.99194
0 -0.254981 -0.966946
0 -0.378948 -0.925418
0 -0.496503 -0.868035
0 -0.605639 -0.795739
0 -0.65749 -0.753463
0 -0.750123 -0.661298
0 -0.830007 -0.557753
0 -0.895743 -0.444571
0 -0.946173 -0.323661
0 -0.980388 -0.197075
0 -1 0
0 -0.98027 0.197662
0 -0.945867 0.324553
0 -0.895197 0.445671
0 -0.829208 0.55894
0 -0.74911 0.662445
0 -0.656338 0.754467
0 -0.604455 0.796639
0 -0.495348 0.868694
0 -0.377948 0.925827
0 -0.254246 0.96714
0 -0.126329 0.991988
-0 0.0055386 0.999985
-0 0.134636 0.990895
-0 0.261561 0.965187
-0 0.433582 0.901114
-0 0.546568 0.837415
-0 0.650553 0.75946
0 -0.707568 -0.706646
0 -0.793213 -0.608945
0 -0.865623 -0.500696
0 -0.923454 -0.383709
0 -0.965616 -0.259973
0 -0.991301 -0.131611
0 -1 0
0 -0.991301 0.131611
0 -0.965616 0.259973
0 -0.923454 0.383709
0 -0.865623 0.500696
0 -0.793213 0.608945
0 -0.707568 0.706646
0 0.650553 -0.75946
0 0.546568 -0.837415
0 0.433582 -0.901114
0 0.261561 -0.965187
0 0.134636 -0.990895
0 0.0055386 -0.999985
0 -0.126329 -0.991988
0 -0.254246 -0.96714
0 -0.377948 -0.925827
0 -0.495348 -0.868694
0 -0.604455 -0.796639
0 -0.656338 -0.754467
0 -0.74911 -0.662445
0 -0.829208 -0.55894
0 -0.895197 -0.445671
0 -0.945867 -0.324553
0 -0.98027 -0.197662
0 -1 0
0 -0.979911 0.199435
0 -0.944933 0.327265
0 -0.893531 0.449002
0 -0.826787 0.562516
0 -0.746042 0.665899
0 -0.652857 0.757481
0 -0.600884 0.799336
0 -0.491877 0.870664
0 -0.374944 0.927048
0 -0.252044 0.967716
0 -0.125177 0.992134
-0 0.00548739 0.999985
-0 0.133414 0.99106
-0 0.259303 0.965796
-0 0.430314 0.902679
-0 0.543005 0.83973
-0 0.647059 0.76244
0 -0.704275 -0.709928
0 -0.790466 -0.612506
0 -0.863593 -0.50419
0 -0.92218 -0.386761
0 -0.965004 -0.262236
0 -0.99114 -0.132821
0 -1 0
0 -0.99114 0.132821
0 -0.965004 0.262236
0 -0.92218 0.386761
0 -0.863593 0.50419
0 -0.790466 0.612506
0 -0.704275 0.709928
0 0.647059 -0.76244
0 0.543005 -0.83973
0 0.430314 -0.902679
0 0.259303 -0.965796
0 0.133414 -0.99106
0 0.00548739 -0.999985
0 -0.125177 -0.992134
0 -0.252044 -0.967716
0 -0.374944 -0.927048
0 -0.491877 -0.870664
0 -0.600884 -0.799336
0 -0.652857 -0.757481
0 -0.746042 -0.665899
0 -0.826787 -0.562516
0 -0.893531 -0.449002
0 -0.944933 -0.327265
0 -0.979911 -0.199435
0 -1 0
0 -0.979293 0.20245
0 -0.943331 0.331855
0 -0.890685 0.45462
0 -0.822664 0.568528
0 -0.740845 0.671676
0 -0.646991 0.762498
0 -0.59488 0.803814
0 -0.486061 0.873925
0 -0.36993 0.92906
0 -0.248377 0.968663
0 -0.123265 0.992374
-0 0.00540321 0.999985
-0 0.13138 0.991332
-0 0.255546 0.966797
-0 0.424852 0.905263
-0 0.537025 0.843566
-0 0.641168 0.7674
0 -0.698706 -0.715409
0 -0.785799 -0.618482
0 -0.860128 -0.510079
0 -0.919997 -0.391926
0 -0.963951 -0.266078
0 -0.990863 -0.134875
0 -1 0
0 -0.990863 0.134875
0 -0.963951 0.266078
0 -0.919997 0.391926
0 -0.860128 0.510079
0 -0.785799 0.618482
0 -0.698706 0.715409
0 0.641168 -0.7674
0 0.537025 -0.843566
0 0.424852 -0.905263
0 0.255546 -0.966797
0 0.13138 -0.991332
0 0.00540321 -0.999985
0 -0.123265 -0.992374
0 -0.248377 -0.968663
0 -0.36993 -0.92906
0 -0.486061 -0.873925
0 -0.59488 -0.803814
0 -0.646991 -0.762498
0 -0.740845 -0.671676
0 -0.822664 -0.568528
0 -0.890685 -0.45462
0 -0.943331 -0.331855
0 -0.979293 -0.20245
0 -1 0
0 -0.978384 0.206795
0 -0.940985 0.338449
0 -0.886542 0.462648
0 -0.816704 0.577057
0 -0.733384 0.679815
0 -0.638631 0.769513
0 -0.586357 0.810053
0 -0.47786 0.878436
0 -0.362899 0.931829
0 -0.24326 0.969961
0 -0.120603 0.992701
-0 0.00528344 0.999986
-0 0.128548 0.991703
-0 0.2503 0.968168
-0 0.417175 0.908826
-0 0.52857 0.84889
-0 0.632779 0.774333
0 -0.69074 -0.723104
0 -0.779075 -0.626931
0 -0.855101 -0.518461
0 -0.916811 -0.39932
0 -0.962409 -0.271605
0 -0.990454 -0.137841
0 -1 0
0 -0.990454 0.137841
0 -0.962409 0.271605
0 -0.916811 0.39932
0 -0.855101 0.518461
0 -0.779075 0.626931
0 -0.69074 0.723104
0 0.632779 -0.774333
0 0.52857 -0.84889
0 0.417175 -0.908826
0 0.2503 -0.968168
0 0.128548 -0.991703
0 0.00528344 -0.999986
0 -0.120603 -0.992701
0 -0.24326 -0.969961
0 -0.362899 -0.931829
0 -0.47786 -0.878436
0 -0.586357 -0.810053
0 -0.638631 -0.769513
0 -0.733384 -0.679815
0 -0.816704 -0.577057
0 -0.886542 -0.462648
0 -0.940985 -0.338449
0 -0.978384 -0.206795
0 -1 0
0 -0.977138 0.212606
0 -0.937784 0.347219
0 -0.880932 0.473243
0 -0.808706 0.588214
0 -0.723474 0.690352
0 -0.627633 0.778509
0 -0.575199 0.818014
0 -0.467221 0.884141
0 -0.353843 0.935305
0 -0.236702 0.971582
0 -0.117205 0.993108
-0 0.00513243 0.999987
-0 0.124933 0.992165
-0 0.243577 0.969882
-0 0.407256 0.913314
-0 0.517554 0.85565
-0 0.621749 0.783217
0 -0.680205 -0.733022
0 -0.770093 -0.637932
0 -0.848322 -0.52948
0 -0.912479 -0.409123
0 -0.960297 -0.278981
0 -0.989893 -0.141816
0 -1 0
0 -0.989893 0.141816
0 -0.960297 0.278981
0 -0.912479 0.409123
0 -0.848322 0.52948
0 -0.770093 0.637932
0 -0.680205 0.733022
0 0.621749 -0.783217
0 0.517554 -0.85565
0 0.407256 -0.913314
0 0.243577 -0.969882
0 0.124933 -0.992165
0 0.00513243 -0.999987
0 -0.117205 -0.993108
0 -0.236702 -0.971582
0 -0.353843 -0.935305
0 -0.467221 -0.884141
0 -0.575199 -0.818014
0 -0.627633 -0.778509
0 -0.723474 -0.690352
0 -0.808706 -0.588214
0 -0.880932 -0.473243
0 -0.937784 -0.347219
0 -0.977138 -0.212606
0 -1 0
0 -0.975483 0.220076
0 -0.933565 0.358409
0 -0.873612 0.486623
0 -0.798393 0.602137
0 -0.710856 0.703337
0 -0.613813 0.789452
0 -0.56126 0.827639
0 -0.454074 0.890964
0 -0.342756 0.939425
0 -0.228728 0.97349
0 -0.11309 0.993585
-0 0.00494991 0.999988
-0 0.120552 0.992707
-0 0.235399 0.971899
-0 0.395062 0.918655
-0 0.503878 0.863775
-0 0.607896 0.794017
0 -0.666874 -0.74517
0 -0.75858 -0.65158
0 -0.839525 -0.543321
0 -0.906794 -0.421574
0 -0.957501 -0.28843
0 -0.989146 -0.146935
0 -1 0
0 -0.989146 0.146935
0 -0.957501 0.28843
0 -0.906794 0.421574
0 -0.839525 0.543321
0 -0.75858 0.65158
0 -0.666874 0.74517
0 0.607896 -0.794017
0 0.503878 -0.863775
0 0.395062 -0.918655
0 0.235399 -0.971899
0 0.120552 -0.992707
0 0.00494991 -0.999988
0 -0.11309 -0.993585
0 -0.228728 -0.97349
0 -0.342756 -0.939425
0 -0.454074 -0.890964
0 -0.56126 -0.827639
0 -0.613813 -0.789452
0 -0.710856 -0.703337
0 -0.798393 -0.602137
0 -0.873612 -0.486623
0 -0.933565 -0.358409
0 -0.975483 -0.220076
0 -1 0
0 -0.973317 0.229467
0 -0.928096 0.372342
0 -0.864247 0.503067
0 -0.7854 0.618989
0 -0.695211 0.718806
0 -0.596934 0.80229
0 -0.544366 0.838848
0 -0.438347 0.898806
0 -0.329633 0.944109
0 -0.219363 0.975643
0 -0.108279 0.994121
-0 0.00473695 0.999989
-0 0.115432 0.993315
-0 0.22579 0.974176
-0 0.380561 0.924756
-0 0.487424 0.873165
-0 0.590994 0.806676
0 -0.650463 -0.759538
0 -0.744183 -0.667976
0 -0.82835 -0.560211
0 -0.899469 -0.436984
0 -0.953857 -0.300261
0 -0.988165 -0.153395
0 -1 0
0 -0.988165 0.153395
0 -0.953857 0.300261
0 -0.899469 0.436984
0 -0.82835 0.560211
0 -0.744183 0.667976
0 -0.650463 0.759538
0 0.590994 -0.806676
0 0.487424 -0.873165
0 0.380561 -0.924756
0 0.22579 -0.974176
0 0.115432 -0.993315
0 0.00473695 -0.999989
0 -0.108279 -0.994121
0 -0.219363 -0.975643
0 -0.329633 -0.944109
0 -0.438347 -0.898806
0 -0.544366 -0.838848
0 -0.596934 -0.80229
0 -0.695211 -0.718806
0 -0.7854 -0.618989
0 -0.864247 -0.503067
0 -0.928096 -0.372342
0 -0.973317 -0.229467
0 -1 0
0 -0.97049 0.241141
0 -0.921051 0.389442
0 -0.852383 0.522918
0 -0.769246 0.638953
0 -0.676131 0.736781
0 -0.576729 0.816935
0 -0.524319 0.851522
0 -0.41996 0.907542
0 -0.314476 0.949266
0 -0.20864 0.977993
0 -0.102798 0.994702
-0 0.00449455 0.99999
-0 0.1096 0.993976
-0 0.214785 0.976661
-0 0.363727 0.931506
-0 0.468063 0.883695
-0 0.570784 0.8211
0 -0.630629 -0.776084
0 -0.72645 -0.68722
0 -0.814319 -0.580418
0 -0.890106 -0.455753
0 -0.94913 -0.314883
0 -0.98688 -0.161456
0 -1 0
0 -0.98688 0.161456
0 -0.94913 0.314883
0 -0.890106 0.455753
0 -0.814319 0.580418
0 -0.72645 0.68722
0 -0.630629 0.776084
0 0.570784 -0.8211
0 0.468063 -0.883695
0 0.363727 -0.931506
0 0.214785 -0.976661
0 0.1096 -0.993976
0 0.00449455 -0.99999
0 -0.102798 -0.994702
0 -0.20864 -0.977993
0 -0.314476 -0.949266
0 -0.41996 -0.907542
0 -0.524319 -0.851522
0 -0.576729 -0.816935
0 -0.676131 -0.736781
0 -0.769246 -0.638953
0 -0.852383 -0.522918
0 -0.921051 -0.389442
0 -0.97049 -0.241141
0 -1 0
0 -0.966789 0.255577
0 -0.911972 0.410252
0 -0.837411 0.546573
0 -0.74933 0.662197
0 -0.653147 0.757231
0 -0.552903 0.833246
0 -0.500905 0.865502
0 -0.398849 0.917017
0 -0.297299 0.954784
0 -0.196605 0.980483
0 -0.0966802 0.995315
-0 0.00422401 0.999991
-0 0.103086 0.994672
-0 0.202424 0.979298
-0 0.344539 0.938772
-0 0.445666 0.895199
-0 0.546974 0.837149
0 -0.606972 -0.794723
0 -0.704822 -0.709384
-0 0.796802 0.60424
0 -0.878155 -0.478377
0 -0.942982 -0.332843
0 -0.985187 -0.171483
0 -1 0
0 -0.985187 0.171483
0 -0.942982 0.332843
0 -0.878155 0.478377
0 0.796802 -0.60424
0 -0.704822 0.709384
0 -0.606972 0.794723
0 0.546974 -0.837149
0 0.445666 -0.895199
0 0.344539 -0.938772
0 0.202424 -0.979298
0 0.103086 -0.994672
0 0.00422401 -0.999991
0 -0.0966802 -0.995315
0 -0.196605 -0.980483
0 -0.297299 -0.954784
0 -0.398849 -0.917017
0 -0.500905 -0.865502
0 -0.552903 -0.833246
0 -0.653147 -0.757231
0 -0.74933 -0.662197
0 -0.837411 -0.546573
0 -0.911972 -0.410252
0 -0.966789 -0.255577
0 -0.995522 0.0945268
0 -0.961887 0.273448
0 -0.900198 0.435481
0 -0.818502 0.574503
0 -0.724881 0.688874
0 -0.625687 0.780074
0 -0.52512 0.851028
0 -0.473908 0.880574
0 -0.374947 0.927046
0 -0.278128 0.960544
0 -0.183305 0.983056
0 -0.089962 0.995945
-0 0.00392822 0.999992
-0 0.0959295 0.995388
-0 0.18876 0.982023
-0 0.322993 0.946401
-0 0.42011 0.907473
-0 0.51925 0.854622
0 -0.57904 -0.815299
0 -0.678617 -0.734493
0 -0.774978 -0.631988
0 -0.862845 -0.505468
0 -0.934916 -0.35487
0 -0.982929 -0.183986
0 -1 0
0 -0.982929 0.183986
0 -0.934916 0.35487
0 -0.862845 0.505468
0 -0.774978 0.631988
0 -0.678617 0.734493
0 -0.57904 0.815299
0 0.51925 -0.854622
0 0.42011 -0.907473
0 0.322993 -0.946401
0 0.18876 -0.982023
0 0.0959295 -0.995388
0 0.00392822 -0.999992
0 -0.089962 -0.995945
0 -0.183305 -0.983056
0 -0.278128 -0.960544
0 -0.374947 -0.927046
0 -0.473908 -0.880574
0 -0.52512 -0.851028
0 -0.625687 -0.780074
0 -0.724881 -0.688874
0 -0.818502 -0.574503
0 -0.900198 -0.435481
0 -0.961887 -0.273448
0 -1 0
0 -0.955286 0.295683
0 -0.884775 0.466019
0 -0.79455 0.607199
0 -0.694946 0.719062
0 -0.593117 0.805117
0 -0.493051 0.870001
0 -0.443119 0.896463
0 -0.348224 0.937411
0 -0.257008 0.966409
0 -0.168801 0.98565
0 -0.0826782 0.996576
-0 0.00360743 0.999993
-0 0.0881713 0.996105
-0 0.173853 0.984772
-0 0.299106 0.95422
-0 0.391292 0.920266
-0 0.487297 0.873236
0 -0.546345 -0.83756
0 -0.647024 -0.76247
0 -0.74778 -0.663947
0 -0.843103 -0.537752
0 -0.924186 -0.381942
0 -0.979858 -0.199694
0 -1 0
0 -0.979858 0.199694
0 -0.924186 0.381942
0 -0.843103 0.537752
0 -0.74778 0.663947
0 -0.647024 0.76247
0 -0.546345 0.83756
0 0.487297 -0.873236
0 0.391292 -0.920266
0 0.299106 -0.95422
0 0.173853 -0.984772
0 0.0881713 -0.996105
0 0.00360743 -0.999993
0 -0.0826782 -0.996576
0 -0.168801 -0.98565
0 -0.257008 -0.966409
0 -0.348224 -0.937411
0 -0.443119 -0.896463
0 -0.493051 -0.870001
0 -0.593117 -0.805117
0 -0.694946 -0.719062
0 -0.79455 -0.607199
0 -0.884775 -0.466019
0 -0.955286 -0.295683
0 -1 0
0 -0.946197 0.323591
0 -0.864293 0.502989
0 -0.764053 0.645153
0 -0.658377 0.752689
0 -0.554742 0.832022
0 -0.456387 0.889781
0 -0.408364 0.912819
0 -0.318676 0.947864
0 -0.234008 0.972235
0 -0.15317 0.9882
0 -0.0748742 0.997193
-0 0.00326658 0.999995
-0 0.0798551 0.996806
-0 0.157778 0.987475
-0 0.272924 0.962035
-0 0.359148 0.93328
-0 0.450818 0.892616
0 -0.508388 -0.861128
0 -0.609107 -0.793088
0 -0.713843 -0.700305
0 -0.817409 -0.576058
0 -0.909651 -0.415373
0 -0.975572 -0.219679
0 -1 0
0 -0.975572 0.219679
0 -0.909651 0.415373
0 -0.817409 0.576058
0 -0.713843 0.700305
0 -0.609107 0.793088
0 -0.508388 0.861128
0 0.450818 -0.892616
0 0.359148 -0.93328
0 0.272924 -0.962035
0 0.157778 -0.987475
0 0.0798551 -0.996806
0 0.00326658 -0.999995
0 -0.0748742 -0.997193
0 -0.15317 -0.9882
0 -0.234008 -0.972235
0 -0.318676 -0.947864
0 -0.408364 -0.912819
0 -0.456387 -0.889781
0 -0.554742 -0.832022
0 -0.658377 -0.752689
0 -0.764053 -0.645153
0 -0.864293 -0.502989
0 -0.946197 -0.323591
0 -1 0
0 -0.933312 0.359066
0 -0.836648 0.547741
0 -0.725043 0.688704
0 -0.613828 0.78944
0 -0.509858 0.860259
0 -0.414857 0.909887
0 -0.369528 0.92922
0 -0.286348 0.958126
0 -0.209222 0.977868
0 -0.136493 0.990641
0 -0.0665973 0.99778
-0 0.00290314 0.999996
-0 0.0710335 0.997474
-0 0.140622 0.990063
-0 0.244528 0.969642
-0 0.323668 0.946171
-0 0.409573 0.912277
0 -0.464694 -0.885471
0 -0.563841 -0.825883
0 -0.671463 -0.741038
0 -0.783616 -0.621245
0 -0.889505 -0.456926
0 -0.969381 -0.245561
0 -1 0
0 -0.969381 0.245561
0 -0.889505 0.456926
0 -0.783616 0.621245
0 -0.671463 0.741038
0 -0.563841 0.825883
0 -0.464694 0.885471
0 0.409573 -0.912277
0 0.323668 -0.946171
0 0.244528 -0.969642
0 0.140622 -0.990063
0 0.0710335 -0.997474
0 0.00290314 -0.999996
0 -0.0665973 -0.99778
0 -0.136493 -0.990641
0 -0.209222 -0.977868
0 -0.286348 -0.958126
0 -0.369528 -0.92922
0 -0.414857 -0.909887
0 -0.509858 -0.860259
0 -0.613828 -0.78944
0 -0.725043 -0.688704
0 -0.836648 -0.547741
0 -0.933312 -0.359066
0.396856 0 -0.917881
0 -0.914375 0.404868
0 -0.798667 0.601774
0 -0.674947 0.737866
0 -0.559811 0.82862
0 -0.457829 0.88904
0 -0.368313 0.929702
0 -0.326586 0.945168
0 -0.251339 0.967899
0 -0.182772 0.983155
0 -0.118869 0.99291
0 -0.0578976 0.998323
-0 0.0025228 0.999997
-0 0.0617571 0.998091
-0 0.122482 0.992471
-0 0.21404 0.976825
-0 0.28491 0.958554
-0 0.363419 0.931626
0 -0.414892 -0.909871
0 -0.510188 -0.860063
0 -0.618594 -0.785711
0 -0.738711 -0.674022
0 -0.860816 -0.508917
0 -0.960032 -0.279889
0 -1 0
0 -0.960032 0.279889
0 -0.860816 0.508917
0 -0.738711 0.674022
0 -0.618594 0.785711
0 -0.510188 0.860063
0 -0.414892 0.909871
0 0.363419 -0.931626
0 0.28491 -0.958554
0 0.21404 -0.976825
0 0.122482 -0.992471
0 0.0617571 -0.998091
0 0.0025228 -0.999997
0 -0.0578976 -0.998323
0 -0.118869 -0.99291
0 -0.182772 -0.983155
0 -0.251339 -0.967899
0 -0.326586 -0.945168
0 -0.368313 -0.929702
0 -0.457829 -0.88904
0 -0.559811 -0.82862
0 -0.674947 -0.737866
0 -0.798667 -0.601774
0 -0.914375 -0.404868
0 -1 0
0.382683 0 -0.92388
0 -0.74556 0.666438
0 -0.610618 0.791925
0 -0.494864 0.86897
0 -0.398187 0.917304
0 -0.316746 0.94851
0 -0.279639 0.960105
0 -0.213827 0.976872
0 -0.154817 0.987943
0 -0.100404 0.994947
0 -0.0488275 0.998807
-0 0.00212684 0.999998
-0 0.0520864 0.998643
-0 0.103467 0.994633
-0 0.18163 0.983367
-0 0.243033 0.970018
-0 0.312367 0.949962
0 -0.358779 -0.933423
0 -0.447233 -0.894417
0 -0.552956 -0.833211
0 -0.67858 -0.734526
0 -0.818706 -0.574212
0.382683 0 -0.92388
0.383836 0 -0.923401
0.382683 0 -0.92388
0 -0.818706 0.574212
0 -0.67858 0.734526
0 -0.552956 0.833211
0 -0.447233 0.894417
0 -0.358779 0.933423
0 0.312367 -0.949962
0 0.243033 -0.970018
0 0.18163 -0.983367
0 0.103467 -0.994633
0 0.0520864 -0.998643
0 0.00212684 -0.999998
0 -0.0488275 -0.998807
0 -0.100404 -0.994947
0 -0.154817 -0.987943
0 -0.213827 -0.976872
0 -0.279639 -0.960105
0 -0.316746 -0.94851
0 -0.398187 -0.917304
0 -0.494864 -0.86897
0 -0.610618 -0.791925
0 -0.74556 -0.666438
0.382683 0 -0.92388
0.368418 0 -0.92966
0.309016 0 -0.951057
0 -0.670348 0.742047
0 -0.528549 0.848903
0 -0.417796 0.908541
0 -0.330794 0.943703
0 -0.260358 0.965512
0 -0.228945 0.973439
0 -0.174054 0.984736
0 -0.125539 0.992089
0 -0.0812183 0.996696
0 -0.0394441 0.999222
-0 0.00171653 0.999999
-0 0.0420808 0.999114
-0 0.0837059 0.996491
-0 0.147515 0.98906
-0 0.198297 0.980142
-0 0.256631 0.96651
0 -0.296428 -0.955055
0 -0.374404 -0.927266
0 -0.472343 -0.881415
0 -0.597944 -0.801538
0.309017 0 -0.951056
0.309019 0 -0.951056
0.310205 0 -0.95067
0.309019 0 -0.951056
0.309017 0 -0.951056
0 -0.597944 0.801538
0 -0.472343 0.881415
0 -0.374404 0.927266
0 -0.296428 0.955055
0 0.256631 -0.96651
0 0.198297 -0.980142
0 0.147515 -0.98906
0 0.0837059 -0.996491
0 0.0420808 -0.999114
0 0.00171653 -0.999999
0 -0.0394441 -0.999222
0 -0.0812183 -0.996696
0 -0.125539 -0.992089
0 -0.174054 -0.984736
0 -0.228945 -0.973439
0 -0.260358 -0.965512
0 -0.330794 -0.943703
0 -0.417796 -0.908541
0 -0.528549 -0.848903
0 -0.670348 -0.742047
0.309016 0 -0.951057
0.17162 0 -0.985163
0.233446 0 -0.97237
0.233449 0 -0.972369
0 -0.425626 0.904899
0 -0.32816 0.944622
0 -0.25598 0.966682
0 -0.199613 0.979875
0 -0.174935 0.98458
0 -0.132355 0.991202
0 -0.0951585 0.995462
0 -0.0614422 0.998111
0 -0.0298091 0.999556
-0 0.00129777 0.999999
-0 0.031801 0.999494
-0 0.0633316 0.997993
-0 0.111965 0.993712
-0 0.151083 0.988521
-0 0.196672 0.980469
0 -0.228281 -0.973595
0 -0.291755 -0.956493
0 -0.37525 -0.926924
0 -0.490959 -0.871183
0.233446 0 -0.97237
0.233446 0 -0.97237
0.232232 0 -0.97266
0.233446 0 -0.97237
0.233446 0 -0.97237
0 -0.490959 0.871183
0 -0.37525 0.926924
0 -0.291755 0.956493
0 -0.228281 0.973595
0 0.196672 -0.980469
0 0.151083 -0.988521
0 0.111965 -0.993712
0 0.0633316 -0.997993
0 0.031801 -0.999494
0 0.00129777 -0.999999
0 -0.0298091 -0.999556
0 -0.0614422 -0.998111
0 -0.0951585 -0.995462
0 -0.132355 -0.991202
0 -0.174935 -0.98458
0 -0.199613 -0.979875
0 -0.25598 -0.966682
0 -0.32816 -0.944622
0 -0.425626 -0.904899
0.233449 0 -0.972369
0.233446 0 -0.97237
0.0937937 0 -0.995592
0.156433 0 -0.987689
0.156433 0 -0.987689
0 -0.300615 0.953745
0 -0.22673 0.973958
0 -0.174715 0.984619
0 -0.135253 0.990811
0 -0.118226 0.992987
0 -0.0891224 0.996021
0 -0.0639273 0.997955
0 -0.0412163 0.99915
0 -0.0199811 0.9998
-0 0.000869574 1
-0 0.0213157 0.999773
-0 0.042486 0.999097
-0 0.0752894 0.997162
-0 0.101884 0.994796
-0 0.133217 0.991087
0 -0.155218 -0.98788
0 -0.20026 -0.979743
0 -0.261823 -0.965116
0.156434 0 -0.987688
0.156435 0 -0.987688
0.156435 0 -0.987688
0.157667 0 -0.987492
0.156435 0 -0.987688
0.156435 0 -0.987688
0.156434 0 -0.987688
0 -0.261823 0.965116
0 -0.20026 0.979743
0 -0.155218 0.98788
0 0.133217 -0.991087
0 0.101884 -0.994796
0 0.0752894 -0.997162
0 0.042486 -0.999097
0 0.0213157 -0.999773
0 0.000869574 -1
0 -0.0199811 -0.9998
0 -0.0412163 -0.99915
0 -0.0639273 -0.997955
0 -0.0891224 -0.996021
0 -0.118226 -0.992987
0 -0.135253 -0.990811
0 -0.174715 -0.984619
0 -0.22673 -0.973958
0 -0.300615 -0.953745
0.156433 0 -0.987689
0.156433 0 -0.987689
0.0153884 0 -0.999882
0.0784587 0 -0.996917
0.0784567 0 -0.996918
0 -0.156144 0.987734
0 -0.11597 0.993253
0 -0.0886458 0.996063
0 -0.0683059 0.997664
0 -0.0596093 0.998222
0 -0.0448319 0.998995
0 -0.0321108 0.999484
0 -0.0206857 0.999786
0 -0.0100209 0.99995
-0 0.00043533 1
-0 0.0106928 0.999943
-0 0.0213238 0.999773
-0 0.037841 0.999284
-0 0.0513 0.998683
-0 0.0672637 0.997735
0 -0.0785602 -0.996909
0 -0.101981 -0.994786
0 -0.134816 -0.990871
0.0784582 0 -0.996917
0.0784588 0 -0.996917
0.0784588 0 -0.996917
0.0797042 0 -0.996819
0.0784588 0 -0.996917
0.0784588 0 -0.996917
0.0784582 0 -0.996917
0 -0.134816 0.990871
0 -0.101981 0.994786
0 -0.0785602 0.996909
0 0.0672637 -0.997735
0 0.0513 -0.998683
0 0.037841 -0.999284
0 0.0213238 -0.999773
0 0.0106928 -0.999943
0 0.00043533 -1
0 -0.0100209 -0.99995
0 -0.0206857 -0.999786
0 -0.0321108 -0.999484
0 -0.0448319 -0.998995
0 -0.0596093 -0.998222
0 -0.0683059 -0.997664
0 -0.0886458 -0.996063
0 -0.11597 -0.993253
0 -0.156144 -0.987734
0.0784567 0 -0.996918
0.0784587 0 -0.996917
