1 2
0.987422 2.00624
0.987435 2.00623
-0.987456 -2.00622
-0.987473 -2.00621
-0.987468 -2.00622
-0.98745 -2.00623
-0.98739 -2.00626
-0.987365 -2.00627
-0.987365 -2.00627
-0.987355 -2.00627
-0.98738 -2.00626
-0.987424 -2.00624
-0.987466 -2.00622
-0.987501 -2.0062
-0.98752 -2.00619
-0.987581 -2.00616
-0.987623 -2.00614
0.98765 -2.00613
0.987716 -2.0061
0.987908 -2.006
0.988433 -2.00575
0.990179 -2.00489
0.993908 -2.00305
0.999658 -2.00019
1.00545 -1.99728
1.0093 -1.99533
1.01119 -1.99437
-1.01186 1.99403
-1.01218 1.99386
-1.01236 1.99377
1.01248 1.99371
1.01255 1.99367
1.01261 1.99365
1.01259 1.99366
1.01255 1.99367
1.0125 1.9937
1.01243 1.99373
1.01239 1.99376
1.01237 1.99377
1.0124 1.99375
1.01245 1.99373
1.01246 1.99372
1.01248 1.99371
1.01249 1.99371
1.01251 1.9937
1.01253 1.99369
1.01254 1.99368
0.999899 2.00005
1.00105 1.99948
1.01211 1.9939
-0.660204 -2.13638
-0.74521 -2.10824
-0.800753 -2.08777
-0.83989 -2.07234
-0.859998 -2.06407
-0.884821 -2.05356
-0.903839 -2.04526
-0.9182 -2.03885
-0.927665 -2.03456
-0.934233 -2.03155
-0.937072 -2.03025
-0.936051 -2.03072
-0.926289 -2.03519
-0.913484 -2.04097
-0.892921 -2.05005
0.905049 -2.04472
0.863775 -2.0625
0.799468 -2.08827
1.10419 -1.94442
1.08527 -1.95504
1.05104 -1.97366
0.998983 -2.00052
0.946589 -2.02583
0.911756 -2.04174
0.892369 -2.05029
-1.19058 1.89276
-1.13153 1.92864
-1.09265 1.95093
1.10426 1.94438
1.08468 1.95537
1.07236 1.96216
1.06287 1.96731
1.06181 1.96788
1.06446 1.96645
1.07068 1.96307
1.07978 1.95808
1.0935 1.95045
1.11162 1.94018
1.13501 1.92659
1.15373 1.91544
1.18956 1.8934
1.23925 1.86125
1.31277 1.81015
0.987618 2.00614
0.998723 2.00064
0.999839 2.00008
1.02575 1.98692
1.04392 1.97743
-0.340193 -2.21004
-0.504164 -2.17849
-0.613569 -2.15024
-0.691419 -2.12649
-0.732144 -2.11281
-0.782293 -2.09476
-0.820605 -2.08005
-0.849315 -2.06849
-0.868122 -2.06067
-0.88098 -2.05521
-0.886685 -2.05275
-0.88466 -2.05363
-0.865113 -2.06194
-0.839471 -2.07251
-0.798352 -2.08869
0.822164 -2.07943
0.740442 -2.10992
0.614448 -2.14999
1.21418 -1.87771
1.17516 -1.90237
1.10437 -1.94432
0.998048 -2.00098
0.889582 -2.0515
0.814789 -2.08234
0.772535 -2.09838
-1.35077 1.78197
-1.24329 1.85856
-1.16997 1.90556
1.19172 1.89204
1.15409 1.91522
1.13021 1.92941
1.11176 1.9401
1.10975 1.94125
1.11502 1.93823
1.12699 1.93129
1.14458 1.92092
1.17113 1.90485
1.20601 1.88296
1.25068 1.85359
1.28608 1.82921
1.35176 1.78122
1.43998 1.71069
1.56361 1.59848
0.955207 2.02178
0.973726 2.01292
0.999731 2.00013
1.02623 1.98667
1.06027 1.96871
-0.0334859 -2.23582
-0.264751 -2.22034
-0.424412 -2.19542
-0.54084 -2.16968
-0.603369 -2.15312
-0.678858 -2.13053
-0.736679 -2.11123
-0.779878 -2.09566
-0.808211 -2.0849
-0.827705 -2.07723
-0.8362 -2.07383
-0.833118 -2.07507
-0.804038 -2.08651
-0.766106 -2.10073
-0.705469 -2.12187
0.739794 -2.11014
0.621305 -2.14802
0.441769 -2.19199
0.153957 -2.23076
1.25834 -1.8484
1.15315 -1.91579
0.996959 -2.00152
0.835602 -2.07407
0.720564 -2.11679
-1.69104 1.463
-1.48774 1.66932
-1.34505 1.78629
-1.24375 1.85825
1.27377 1.8378
1.22046 1.87363
1.18626 1.89546
1.15958 1.9119
1.15664 1.91368
1.16436 1.909
1.18208 1.89807
1.20778 1.88182
1.24631 1.85653
1.29663 1.82175
1.36019 1.77479
1.411 1.73467
1.50139 1.65705
1.61708 1.54436
1.76823 1.36871
0.9383 2.02968
0.973086 2.01323
0.999705 2.00015
1.04856 1.97497
0.616675 -2.14935
0.230077 -2.2242
-0.0455303 -2.2356
-0.244929 -2.22261
-0.394579 -2.20098
-0.478022 -2.18438
-0.576776 -2.1604
-0.653269 -2.13851
-0.710541 -2.12017
-0.747983 -2.10725
-0.774043 -2.09782
-0.785748 -2.09347
-0.781879 -2.09491
-0.744049 -2.10865
-0.694638 -2.12544
-0.616279 -2.14947
0.659125 -2.13672
0.50937 -2.17728
0.287082 -2.21756
-0.0523041 -2.23546
1.33198 -1.79606
1.19812 -1.88799
0.995805 -2.00209
0.784341 -2.09399
0.633151 -2.14456
-1.81822 1.30157
-1.60072 1.56131
-1.43539 1.71455
-1.31318 1.80985
1.34913 1.78321
1.28284 1.83148
1.23968 1.86096
1.2059 1.88303
1.20233 1.88531
1.21277 1.87862
1.23592 1.86346
1.26884 1.84121
1.31811 1.80627
1.38177 1.75804
1.46039 1.6933
1.52376 1.63651
1.6308 1.52986
1.76081 1.37824
1.91707 1.15101
2.08924 0.796913
0.950206 2.02413
0.999868 2.00007
1.05941 1.96918
0.846029 -2.06984
0.455407 -2.1892
0.153984 -2.23076
-0.0769041 -2.23475
-0.255326 -2.22144
-0.357722 -2.20727
-0.478421 -2.18429
-0.572005 -2.16167
-0.64198 -2.14193
-0.688411 -2.12746
-0.718931 -2.11734
-0.731817 -2.11292
-0.72887 -2.11394
-0.684078 -2.12886
-0.625038 -2.14693
-0.531867 -2.17189
0.581242 -2.1592
0.406659 -2.19878
0.154458 -2.23073
-0.213797 -2.22582
-0.740124 -2.11003
1.23317 -1.86529
0.994701 -2.00264
0.743035 -2.10901
-2.13022 0.679833
-1.9071 1.16746
-1.69053 1.46359
-1.51394 1.6456
-1.37762 1.76129
1.41743 1.72942
1.34146 1.78899
1.29143 1.82543
1.25247 1.85238
1.24975 1.85422
1.26093 1.84664
1.28726 1.82838
1.32691 1.79981
1.3852 1.75534
1.45988 1.69374
1.55073 1.61097
1.62338 1.53774
1.74108 1.40308
1.87648 1.21607
2.0242 0.950059
2.16327 0.565915
0.9392 2.02926
1.00033 1.99984
1.44489 -1.70655
1.02116 -1.98928
0.643232 -2.14155
0.330854 -2.21146
0.0789909 -2.23467
-0.124118 -2.23262
-0.245411 -2.22256
-0.385595 -2.20257
-0.495232 -2.18054
-0.577084 -2.16032
-0.631533 -2.14503
-0.667363 -2.13416
-0.686575 -2.12805
-0.680609 -2.12997
-0.62778 -2.14613
-0.55969 -2.16489
-0.454163 -2.18946
0.507159 -2.1778
0.314346 -2.21386
0.0425733 -2.23566
-0.33906 -2.21021
-0.857015 -2.06532
-1.47303 -1.68232
-2.00313 -0.993716
-2.23054 -0.157158
-2.16454 0.561066
-1.96949 1.05883
-1.76131 1.37761
-1.58111 1.58117
-1.43663 1.7135
1.47777 1.67815
1.39461 1.74788
1.33851 1.7912
1.29363 1.82387
1.28834 1.82761
1.30474 1.81594
1.33531 1.79359
1.38072 1.75887
1.44652 1.70517
1.53009 1.63059
1.62994 1.53078
1.71052 1.44018
1.83414 1.27904
1.9669 1.06363
2.09869 0.771689
2.20396 0.377586
2.23217 -0.132056
1.99991 -1.00019
1.53647 -1.62458
1.15626 -1.91391
0.797609 -2.08898
0.483943 -2.18307
0.21812 -2.2254
-0.00407405 -2.23606
-0.142682 -2.23151
-0.298298 -2.21608
-0.421532 -2.19598
-0.513648 -2.17627
-0.574341 -2.16105
-0.616522 -2.1494
-0.637889 -2.14315
-0.632613 -2.14472
-0.574242 -2.16108
-0.498762 -2.17973
-0.383396 -2.20296
0.4368 -2.19299
0.230801 -2.22413
-0.052611 -2.23545
-0.4375 -2.19286
-0.941173 -2.02836
-1.51572 -1.64398
-2.00355 -0.992893
-2.22595 -0.21262
-2.18548 0.473012
-2.01443 0.97062
-1.81797 1.30193
-1.63917 1.5209
-1.49074 1.66665
1.53076 1.62996
1.44274 1.70836
1.38227 1.75765
1.33395 1.7946
1.32949 1.7979
1.34756 1.7844
1.38275 1.75727
1.43175 1.71758
1.5031 1.65551
1.59309 1.5691
1.6985 1.45434
1.78497 1.34681
1.90998 1.16274
2.03602 0.924464
2.14937 0.616614
2.22483 0.223937
2.22152 -0.254654
1.99999 -1.00003
1.611 -1.55071
1.26978 -1.84056
0.930046 -2.03347
0.61826 -2.1489
0.343493 -2.20953
0.106015 -2.23355
-0.0493548 -2.23552
-0.218611 -2.22536
-0.352368 -2.20813
-0.452823 -2.18974
-0.52024 -2.17471
-0.564173 -2.16373
-0.589164 -2.15706
-0.584619 -2.15829
-0.522451 -2.17418
-0.441455 -2.19206
-0.3191 -2.21319
0.369756 -2.2053
0.15541 -2.23068
-0.135106 -2.23201
-0.52032 -2.17473
-1.00727 -1.99641
-1.54692 -1.61471
-2.00394 -0.992225
-2.22169 -0.253684
-2.19962 0.402344
-2.04939 0.89452
-1.86444 1.2345
-1.68941 1.46492
-1.5406 1.62068
1.57737 1.58492
1.48684 1.67013
1.42372 1.72425
1.37357 1.76446
1.36994 1.76728
1.39063 1.75104
1.42622 1.72218
1.47914 1.67694
1.55447 1.60737
1.64857 1.5107
1.75785 1.38201
1.84885 1.25768
1.97235 1.05348
2.08921 0.796986
2.18445 0.477703
2.23428 0.089428
2.2072 -0.358136
2.0002 -0.999603
1.65266 -1.50623
1.3453 -1.78611
1.02861 -1.98544
0.726178 -2.11487
0.448974 -2.19053
0.201397 -2.22698
0.0337081 -2.23582
-0.145671 -2.23132
-0.289036 -2.21731
-0.39725 -2.2005
-0.469125 -2.18631
-0.517522 -2.17537
-0.543368 -2.16906
-0.538018 -2.1704
-0.47232 -2.18565
-0.386861 -2.20239
-0.259054 -2.22107
0.301924 -2.21568
0.0812285 -2.23471
-0.205358 -2.22677
-0.571707 -2.16196
-1.04395 -1.9777
-1.56528 -1.59725
-2.00457 -0.991504
-2.21913 -0.277107
-2.20662 0.363265
-2.06972 0.846848
-1.90211 1.17587
-1.7369 1.40843
-1.58943 1.57292
1.61961 1.5418
1.52781 1.63278
1.46297 1.69111
1.41127 1.73448
1.40713 1.73783
1.42811 1.72062
1.46648 1.68803
1.52146 1.63865
1.59995 1.5621
1.69712 1.45596
1.808 1.31573
1.90089 1.17755
2.02043 0.958049
2.12672 0.690704
2.20515 0.370562
2.23607 -0.00304867
2.19676 -0.417415
2.00041 -0.999225
1.70463 -1.44717
1.41833 -1.7287
1.11585 -1.93777
0.817517 -2.08129
0.538609 -2.17026
0.282936 -2.21813
0.105459 -2.23362
-0.079536 -2.2347
-0.230779 -2.22418
-0.344484 -2.20944
-0.418839 -2.19657
-0.472018 -2.18578
-0.495507 -2.18062
-0.491202 -2.18163
-0.422411 -2.19605
-0.331555 -2.21167
-0.193557 -2.22808
0.206676 -2.22703
-0.0717988 -2.2356
0.164493 -2.23089
-0.370065 -2.20635
-0.975453 -2.01355
-1.55344 -1.61044
-2.00772 -0.987952
-2.223 -0.254811
-2.19306 0.443143
-1.98257 1.0365
1.88018 1.21196
-1.82927 1.28719
-1.65555 1.50385
1.66449 1.49375
1.56846 1.59416
1.50132 1.65744
1.44846 1.70375
1.44526 1.70641
1.46396 1.69035
1.50533 1.65358
1.56083 1.60129
1.64082 1.51919
1.73951 1.40511
1.84917 1.25728
1.94272 1.10724
2.05796 0.874602
2.15461 0.598135
2.21936 0.273008
2.23407 -0.0949495
2.18096 -0.493451
2.00102 -0.99849
1.73014 -1.41693
1.46827 -1.68681
1.18194 -1.89849
0.892265 -2.05067
0.61234 -2.15095
0.352997 -2.20843
0.165585 -2.2304
-0.0236445 -2.23647
-0.177719 -2.2296
-0.294077 -2.21733
-0.371753 -2.20573
-0.427712 -2.19571
-0.456528 -2.19011
-0.447649 -2.19228
-0.376252 -2.20604
-0.283507 -2.2203
-0.148209 -2.23398
0.168553 -2.23318
-0.0427348 -2.23987
-0.244751 -2.22779
-0.571217 -2.16817
-1.0536 -1.98028
-1.58295 -1.5903
-2.01765 -0.982475
-2.22742 -0.270806
-2.21151 0.375186
-2.06991 0.861818
-1.92302 1.15109
-1.8132 1.31577
-1.68229 1.47834
1.69608 1.46152
1.60425 1.56096
1.5373 1.62633
1.48352 1.67503
1.47668 1.68063
1.49894 1.66052
1.54112 1.62123
1.59746 1.56561
1.6772 1.47975
1.77478 1.36106
1.88285 1.20703
1.97684 1.04588
2.08651 0.804996
2.17478 0.521274
2.22755 0.198121
2.23071 -0.158364
2.17253 -0.530287
2.00709 -0.993935
1.75539 -1.39123
1.50628 -1.6577
1.23291 -1.87012
0.950837 -2.02841
0.673176 -2.13704
0.410696 -2.20307
0.214525 -2.23131
0.0249255 -2.24194
-0.128853 -2.23891
-0.246632 -2.22963
-0.326348 -2.22007
-0.384123 -2.2118
-0.41311 -2.20814
-0.403995 -2.21173
-0.331528 -2.226
-0.236838 -2.24051
-0.101575 -2.25348
0.112098 -2.25624
-0.101994 -2.2601
-0.366467 -2.23652
-0.724254 -2.1517
-1.18504 -1.94052
-1.68051 -1.53575
-2.0732 -0.942943
-2.25995 -0.274457
-2.25025 0.326424
-2.13222 0.780043
-1.98863 1.08735
-1.85519 1.2952
-1.72939 1.45373
1.73799 1.43835
1.64891 1.53559
1.5818 1.6012
1.52732 1.65018
1.51888 1.65537
1.53896 1.63455
1.58005 1.59344
1.63525 1.53565
1.71282 1.44761
1.80695 1.3273
1.91112 1.1714
2.00457 1.00187
2.10936 0.755415
2.19031 0.470145
2.23488 0.150641
2.23133 -0.194846
2.17044 -0.55321
2.0789 -0.945007
1.8621 -1.32058
1.63238 -1.59998
1.36658 -1.83492
1.08371 -2.01769
0.799024 -2.14952
0.52371 -2.23623
0.309826 -2.2798
0.109843 -2.30101
-0.0553305 -2.30644
-0.182241 -2.30374
-0.268057 -2.29903
-0.331404 -2.29588
-0.36404 -2.29961
-0.3532 -2.31126
-0.273666 -2.33236
-0.164976 -2.35396
-0.00826961 -2.37028
-0.0217754 -2.38196
-0.291423 -2.37719
-0.644012 -2.31993
-1.0834 -2.16434
-1.58542 -1.84322
-2.04937 -1.32416
-2.34182 -0.692623
-2.43921 -0.0714434
-2.39042 0.447198
-2.272 0.837112
-2.13421 1.1171
-1.99888 1.32193
-1.87448 1.47256
1.87472 1.45332
1.78527 1.54593
1.71321 1.60885
1.65234 1.65673
1.63405 1.66078
1.64382 1.63869
1.67658 1.59754
1.72393 1.53996
1.79285 1.45246
1.87842 1.3334
1.97409 1.18091
2.06161 1.01157
2.16105 0.766583
2.23857 0.48323
2.28183 0.164494
2.27842 -0.181296
2.21811 -0.539358
2.81826 0.046707
2.80615 -0.33156
2.74404 -0.6482
2.65318 -0.957613
2.52163 -1.27216
2.35213 -1.57817
2.13167 -1.88076
1.88658 -2.14279
1.58048 -2.38425
1.27269 -2.57204
0.975979 -2.7081
0.75783 -2.79038
0.508087 -2.84779
0.376127 -2.88291
0.420153 -2.89134
0.704312 -2.85112
1.22523 -2.69183
1.87471 -2.31242
-2.29579 -1.91753
-2.74752 -1.23537
-2.95157 -0.674457
-3.03131 -0.231939
-3.05371 0.171218
-3.02954 0.466726
-2.98107 0.724347
-2.9143 0.955194
-2.83396 1.15847
-2.74103 1.32545
-2.65138 1.47384
-2.56087 1.59975
-2.4686 1.70335
2.49495 1.64015
2.41807 1.71961
2.34938 1.7791
2.28687 1.83552
2.25622 1.85115
2.2411 1.84699
2.25284 1.83037
2.26336 1.78915
2.29387 1.72883
2.33938 1.64674
2.39914 1.54294
2.44144 1.45162
2.51634 1.29619
2.59376 1.11416
2.6695 0.90851
2.73598 0.680397
2.79103 0.44245
3.03195 3.20895
3.0569 3.18792
2.91371 3.31257
2.74319 3.45188
2.5452 3.59535
2.32553 3.73458
2.09464 3.85755
1.80934 3.98813
1.66782 4.03734
1.5352 4.07401
1.42252 4.09772
1.32867 4.10552
1.22 4.13525
1.11483 4.15423
1.04273 4.15716
0.970153 4.15604
0.950717 4.14228
0.961787 4.12316
-1.23277 4.03754
-1.37065 3.97633
-1.59148 3.883
-1.91052 3.72461
-2.29483 3.48766
-2.6873 3.18369
-3.03294 2.85241
-3.28806 2.56207
-3.45321 2.35367
-3.55487 2.22134
-3.61073 2.15268
-3.63274 2.13639
-3.64014 2.15647
3.73884 2.00825
3.72516 2.06824
3.71109 2.1303
3.68262 2.2153
3.66449 2.27477
3.63585 2.33955
3.60452 2.39385
3.59772 2.43843
3.58251 2.48313
3.56254 2.53049
3.5402 2.57571
3.44208 2.72137
3.37044 2.82506
3.28835 2.929
3.19833 3.03354
3.1014 3.13674
2.99619 3.24479
3.00155 3.93524
2.98605 3.94679
2.80352 4.0773
2.60312 4.20623
2.39731 4.32468
2.19318 4.42873
1.98493 4.52219
1.72032 4.62488
1.59506 4.66599
1.47952 4.69943
1.3784 4.72534
1.29675 4.74355
1.19868 4.7628
1.09505 4.77811
1.01345 4.78743
0.922543 4.79524
0.873166 4.79261
0.847022 4.78536
-1.05782 4.73173
-1.13338 4.70169
-1.30068 4.64531
-1.57303 4.54851
-1.97409 4.37677
-2.48335 4.10021
-3.01826 3.72074
-3.48035 3.29763
-3.81699 2.91535
-4.03287 2.63053
-4.16019 2.44688
-4.23371 2.34342
-4.26708 2.30794
4.36729 2.13782
4.36136 2.1762
4.3471 2.22994
4.31307 2.31672
4.28167 2.39134
4.23933 2.48378
4.19491 2.56991
4.1555 2.64108
4.10447 2.72692
4.04328 2.82334
3.97378 2.9255
3.81178 3.14004
3.67353 3.30569
3.52531 3.4671
3.36189 3.62837
3.1882 3.784
3.01609 3.92384
3.00085 3.99498
2.95563 4.02855
2.75729 4.16661
2.55509 4.29331
2.34946 4.40886
2.14248 4.51264
1.93184 4.60625
1.67647 4.7046
1.53723 4.75139
1.41267 4.78932
1.30465 4.81918
1.21526 4.84184
1.12675 4.86204
1.01888 4.88382
0.93563 4.89846
0.851474 4.91162
0.804552 4.91709
0.779501 4.91835
-0.943505 4.88624
-1.01251 4.869
-1.16951 4.82955
-1.44394 4.75049
-1.85661 4.60097
-2.40777 4.33497
-3.02359 3.92898
-3.56621 3.44582
-3.95065 3.00204
-4.18955 2.66544
-4.32902 2.4407
-4.40296 2.3133
-4.43442 2.2597
4.50846 2.11566
4.49906 2.14185
4.48021 2.18641
4.44399 2.26373
4.40673 2.33952
4.35546 2.43748
4.31072 2.51797
4.26266 2.5996
4.20237 2.69708
4.13015 2.80735
4.04667 2.92721
3.88355 3.14128
3.73633 3.3157
3.57956 3.48492
3.41144 3.65006
3.23339 3.80899
3.04543 3.96109
3.00036 3.99941
2.88405 4.08407
2.68658 4.21659
2.4912 4.33487
2.28958 4.44462
2.08143 4.54578
1.86898 4.63711
1.62362 4.72854
1.47238 4.77773
1.33908 4.81671
1.22439 4.84703
1.13153 4.86942
1.02955 4.89186
0.927226 4.91202
0.849982 4.92566
0.780088 4.93684
0.743669 4.94201
0.728547 4.94372
-0.849282 4.92372
-0.923726 4.9095
-1.08231 4.87608
-1.3628 4.8042
-1.79549 4.6588
-2.37464 4.39123
-3.02439 3.97148
-3.59701 3.46176
-4.00037 2.98765
-4.24894 2.62394
-4.38902 2.38432
-4.46142 2.24792
-4.49376 2.18433
4.54553 2.07606
4.53926 2.09099
4.52407 2.12466
4.49397 2.18842
4.45948 2.25857
4.41146 2.3515
4.36087 2.44432
4.3124 2.52907
4.24974 2.63319
4.17337 2.75275
4.08372 2.88419
3.92899 3.09175
3.78218 3.26979
3.62674 3.44145
3.46491 3.60438
3.29679 3.75879
3.11439 3.91126
3.00047 3.99962
2.83526 4.11839
2.63615 4.24859
2.43376 4.36768
2.22547 4.47739
2.01091 4.57777
1.79345 4.66725
1.56057 4.75018
1.4001 4.79992
1.25365 4.84023
1.12766 4.87111
1.03101 4.89246
0.930048 4.91264
0.834859 4.92967
0.765569 4.94085
0.713917 4.94852
0.69188 4.95157
0.692177 4.95143
-0.770846 4.93967
-0.857118 4.92526
-1.02414 4.89307
-1.30722 4.82493
-1.75159 4.68172
-2.35633 4.40826
-3.02317 3.98058
-3.60989 3.45743
-4.02804 2.96001
-4.27979 2.58309
-4.41864 2.33811
-4.49326 2.19172
-4.52972 2.11574
4.56231 2.0448
4.56234 2.04497
4.55333 2.06515
4.53177 2.11217
4.50195 2.17511
4.45914 2.26166
4.41126 2.35373
4.36288 2.44225
4.29714 2.55618
4.21646 2.6872
4.12293 2.82861
3.97815 3.02886
3.83101 3.21296
3.67446 3.39088
3.51111 3.55976
3.34069 3.72016
3.16052 3.8744
3.00076 3.99943
2.79346 4.14688
2.58373 4.28069
2.36716 4.40415
2.14915 4.51455
1.93175 4.61176
1.71228 4.69767
1.4878 4.77351
1.31391 4.82427
1.15647 4.86442
1.02207 4.89442
0.923598 4.91395
0.826749 4.93116
0.739052 4.94506
0.679178 4.95363
0.649286 4.95763
0.645403 4.95812
0.665819 4.95541
-0.707664 4.94958
-0.806192 4.93446
-0.981608 4.90254
-1.26803 4.83633
-1.72101 4.69421
-2.3386 4.41905
-3.02141 3.98347
-3.62073 3.44781
-4.04493 2.93871
-4.29901 2.55274
-4.43783 2.30306
-4.51513 2.14767
-4.55608 2.05945
4.57292 2.02184
4.58112 2.00323
4.57965 2.00661
4.56769 2.03371
4.54305 2.0882
4.50548 2.16808
4.46184 2.25653
4.41489 2.34705
4.34791 2.46893
4.26458 2.61024
4.16597 2.76489
4.02917 2.96071
3.88473 3.14783
3.73066 3.32899
3.56428 3.50655
3.38612 3.67888
3.19993 3.84193
3.00117 3.99912
2.75521 4.17239
2.52725 4.31428
2.29865 4.44029
2.0689 4.55189
1.83849 4.64973
1.61046 4.73354
1.39837 4.80047
1.21547 4.85001
1.04978 4.88855
0.911936 4.91613
0.810203 4.93392
0.714513 4.94868
0.637524 4.95919
0.591608 4.96487
0.585892 4.96555
0.602167 4.9636
0.644459 4.95828
-0.653498 4.9571
-0.769306 4.94044
-0.956006 4.90773
-1.24972 4.84126
-1.69463 4.70401
-2.30506 4.4369
-3.01944 3.98527
-3.64312 3.42448
-4.05858 2.92018
-4.30683 2.53985
-4.44862 2.28244
-4.5303 2.11571
-4.57782 2.01084
4.58118 2.00318
4.59804 1.96418
4.60454 1.9489
4.60248 1.95376
4.58449 1.9956
4.55336 2.06565
4.51308 2.15223
4.46735 2.24562
4.40161 2.37188
4.3172 2.52226
4.21687 2.68663
4.09181 2.87351
3.94708 3.06929
3.78886 3.2626
3.61812 3.45097
3.4343 3.63395
3.23572 3.81184
3.00146 3.99891
2.71006 4.20185
2.46634 4.34939
2.21997 4.48015
1.97587 4.59303
1.73578 4.68904
1.5017 4.76916
1.30136 4.82768
1.10651 4.87603
0.932642 4.91225
0.789982 4.9372
0.686945 4.95259
0.594656 4.96451
0.533388 4.97147
0.501616 4.97477
0.520585 4.97282
0.558817 4.96867
0.625733 4.96069
-0.604802 4.96328
-0.740645 4.94484
-0.940684 4.91071
-1.23912 4.84402
-1.68186 4.70863
-2.29833 4.44045
-3.01734 3.98692
-3.64482 3.42274
-4.0638 2.91298
-4.31061 2.5335
-4.45464 2.27071
-4.54183 2.09086
-4.5969 1.96684
4.58836 1.98669
4.61469 1.92475
4.62941 1.88907
4.63668 1.87116
4.62476 1.90042
4.60116 1.95687
4.56424 2.0415
4.52082 2.13593
4.45677 2.26654
4.37242 2.42527
4.27021 2.60101
4.15687 2.77856
4.01409 2.98112
3.8548 3.18442
3.67844 3.38661
3.48466 3.58568
3.27655 3.7768
3.00055 3.99959
2.66546 4.23028
2.4043 4.38399
2.13776 4.51995
1.87718 4.63424
1.62472 4.72867
1.38102 4.8055
1.18758 4.85692
0.984346 4.90215
0.806139 4.93459
0.661373 4.95607
0.559615 4.96858
0.47695 4.9772
0.423061 4.98207
0.404834 4.98358
0.450795 4.97964
0.512869 4.97363
0.606203 4.96312
-0.558221 4.96874
-0.717332 4.94828
-0.936466 4.91152
-1.24286 4.84306
-1.68282 4.7083
-2.29833 4.44046
-3.01518 3.98857
-3.64129 3.42651
-4.06067 2.91735
-4.30711 2.53945
-4.45572 2.2686
-4.55112 2.07058
-4.61482 1.92444
4.59588 1.96924
4.63206 1.88256
4.65524 1.82449
4.67195 1.78125
4.66551 1.79807
4.64589 1.84815
4.61467 1.9248
4.57423 2.01901
4.51298 2.15244
4.43145 2.31566
4.33035 2.49961
4.226 2.67225
4.08399 2.88461
3.92295 3.10007
3.74067 3.31774
3.5359 3.53517
3.31553 3.74263
3.0006 3.99955
2.64599 4.24249
2.35025 4.4132
2.05527 4.55806
1.76924 4.67651
1.49866 4.77012
1.24581 4.84231
1.06153 4.88602
0.850826 4.92708
0.669951 4.95491
0.523932 4.97247
0.423136 4.98206
0.348937 4.98781
0.308791 4.99046
0.308032 4.9905
0.379541 4.98557
0.464681 4.97836
0.584278 4.96574
-0.51199 4.97372
-0.697276 4.95114
-0.938853 4.91106
-1.25795 4.83917
-1.69846 4.70268
-2.30269 4.4382
-3.01297 3.99024
-3.63439 3.43383
-4.04867 2.93399
-4.29789 2.55503
-4.45391 2.27216
-4.55906 2.05304
-4.63224 1.88211
4.6043 1.94946
4.64987 1.83812
4.68066 1.75824
4.70545 1.69077
4.70526 1.69132
4.69156 1.72894
4.66553 1.79801
4.62805 1.89241
4.57001 2.02854
4.49236 2.19516
4.39343 2.387
4.29937 2.55253
4.15939 2.77479
3.9941 3.00785
3.80069 3.24881
3.57938 3.49113
3.33297 3.72711
3.00064 3.99952
2.5981 4.27199
2.26968 4.45517
1.94933 4.60436
1.64209 4.72266
1.35397 4.81319
1.09066 4.8796
0.918589 4.9149
0.703763 4.95022
0.523444 4.97253
0.381171 4.98545
0.283672 4.99195
0.22061 4.99513
0.193568 4.99625
0.207244 4.9957
0.303364 4.99079
0.411547 4.98303
0.557257 4.96885
-0.463165 4.9785
-0.675957 4.9541
-0.940158 4.91081
-1.27661 4.83428
-1.72382 4.69345
-2.31634 4.43109
-3.01072 3.99194
-3.62036 3.44862
-4.03069 2.95864
-4.28685 2.5735
-4.4527 2.27453
-4.56752 2.03415
-4.65026 1.83715
4.61462 1.9249
4.66902 1.78893
4.70678 1.68708
4.73846 1.59594
4.74286 1.58281
4.73415 1.60867
4.71351 1.66817
4.68003 1.75991
4.62779 1.89302
4.55571 2.06045
4.46113 2.25795
4.37871 2.41389
4.24142 2.64771
4.07416 2.89849
3.87489 3.15994
3.6423 3.42545
3.37476 3.68931
3.00057 3.99957
2.53509 4.30968
2.17683 4.50127
1.82925 4.65337
1.49956 4.76983
1.19668 4.85468
0.925582 4.91358
0.765999 4.94098
0.550388 4.96962
0.372694 4.98609
0.235819 4.99444
0.145418 4.99788
0.0934876 4.99913
0.0749421 4.99944
0.104631 4.99891
0.223867 4.99499
0.353184 4.98751
0.523537 4.97252
-0.409638 4.98319
-0.65035 4.95752
-0.942277 4.91041
-1.29964 4.82814
-1.75067 4.6835
-2.33575 4.42089
-3.00847 3.99364
-3.60185 3.46795
-4.01173 2.9843
-4.2736 2.59545
-4.45127 2.27733
-4.57772 2.0111
-4.66955 1.78754
4.62738 1.89403
4.68942 1.73474
4.73279 1.61268
4.76994 1.49922
4.77884 1.47061
4.77339 1.4882
4.7577 1.53763
4.72907 1.62356
4.68266 1.75291
4.6169 1.91945
4.52879 2.11898
4.45773 2.26464
4.32542 2.50814
4.15935 2.77486
3.95545 3.0585
3.71237 3.34937
3.42843 3.63948
3.0004 3.9997
2.46493 4.35019
2.07235 4.55032
1.6955 4.70375
1.34462 4.81581
1.02738 4.89331
0.74942 4.94352
0.601866 4.96364
0.387332 4.98497
0.215137 4.99537
0.086142 4.99926
0.00366864 5
-0.0403891 4.99984
-0.0374916 4.99986
0.00337904 5
0.141048 4.99801
0.28842 4.99167
0.480808 4.97683
-0.348917 4.98781
-0.617897 4.96167
-0.939241 4.91099
-1.32051 4.82247
-1.78563 4.67028
-2.36139 4.40725
-3.00633 3.99525
-3.57855 3.49199
-3.98769 3.01634
-4.26159 2.61511
-4.45236 2.27518
-4.59063 1.98145
-4.6909 1.73075
4.64343 1.85435
4.71152 1.67378
4.75887 1.534
4.79933 1.40229
4.81066 1.36291
4.81145 1.36013
4.79923 1.40264
4.77534 1.48194
4.73545 1.60485
4.67722 1.76737
4.59654 1.9677
4.53587 2.10378
4.4099 2.35643
4.24674 2.63916
4.041 2.94454
3.7883 3.26324
3.48653 3.58387
3.00004 3.99997
2.36629 4.40462
1.94888 4.60455
1.5473 4.75456
1.17717 4.85945
0.84832 4.92751
0.565942 4.96787
0.429733 4.9815
0.218674 4.99522
0.0540516 4.99971
-0.0659469 4.99957
-0.141223 4.99801
-0.171591 4.99705
-0.160194 4.99743
-0.105759 4.99888
0.0495723 4.99975
0.21326 4.99545
0.425447 4.98187
-0.278097 4.99226
-0.573808 4.96697
-0.925056 4.91368
-1.33661 4.81804
-1.81944 4.65721
-2.38452 4.39478
-3.00437 3.99672
-3.55736 3.51357
-3.96439 3.0469
-4.2523 2.6302
-4.45868 2.26278
-4.60793 1.94088
-4.71491 1.66422
4.66367 1.80282
4.7361 1.60292
4.78605 1.44696
4.8287 1.29755
4.84257 1.24481
4.84542 1.23364
4.83781 1.26317
4.81817 1.33612
4.78464 1.45163
4.7342 1.60851
4.6619 1.80739
4.6107 1.93429
4.49293 2.19399
4.33554 2.4906
4.13123 2.81655
3.87477 3.16008
3.56596 3.50485
3 4
2.32069 4.42882
1.85172 4.64447
1.40987 4.79711
1.01219 4.89648
0.667867 4.95519
0.379689 4.98556
0.252942 4.9936
0.0466341 4.99978
-0.109015 4.99881
-0.217264 4.99528
-0.280025 4.99215
-0.30042 4.99097
-0.279052 4.99221
-0.214902 4.99538
-0.0472582 4.99978
0.12854 4.99835
0.356557 4.98727
-0.195856 4.99616
-0.515596 4.97335
-0.896304 4.91901
-1.3391 4.81735
-1.84444 4.64737
-2.41068 4.38048
-3.0026 3.99805
-3.53393 3.53714
-3.94682 3.06963
-4.2505 2.63311
-4.47166 2.23702
-4.63025 1.88699
-4.74162 1.58653
4.68808 1.73835
4.76254 1.52256
4.81313 1.35418
4.85584 1.19198
4.87077 1.12944
4.87557 1.1085
4.87101 1.12838
4.85639 1.18975
4.82942 1.29488
4.78673 1.44473
4.723 1.64111
4.67981 1.7605
4.56997 2.02863
4.4172 2.34273
4.21045 2.69668
3.94021 3.07811
3.60187 3.46793
2.99969 4.00023
2.18689 4.49639
1.67589 4.71077
1.20246 4.85326
0.78712 4.93766
0.438156 4.98076
0.155051 4.9976
0.044896 4.9998
-0.148383 4.9978
-0.288043 4.9917
-0.380073 4.98553
-0.430723 4.98141
-0.437942 4.98078
-0.406678 4.98343
-0.331999 4.98897
-0.154251 4.99762
0.0310528 4.9999
0.271026 4.99265
-0.0997069 4.99901
-0.439125 4.98068
-0.846761 4.92778
-1.32161 4.82217
-1.85538 4.64301
-2.42708 4.37142
-3.00438 3.99671
-3.51846 3.55253
-3.9386 3.08017
-4.25966 2.61827
-4.4938 2.1922
-4.65864 1.81579
-4.77122 1.49514
4.71715 1.65785
4.7913 1.42951
4.84098 1.25095
4.88244 1.07785
4.89805 1.00455
4.90427 0.973727
4.90286 0.980784
4.8926 1.03077
4.87272 1.12096
4.83947 1.25679
4.78723 1.44305
4.75425 1.54826
4.65877 1.81546
4.51961 2.13849
4.32221 2.51366
4.05276 2.92833
3.7037 3.35896
2.99946 4.0004
2.06176 4.55512
1.48691 4.77379
0.972628 4.90449
0.538463 4.97092
0.187523 4.99648
-0.085339 4.99927
-0.175423 4.99692
-0.351111 4.98766
-0.471361 4.97773
-0.544467 4.97027
-0.580376 4.9662
-0.573643 4.96698
-0.525546 4.9723
-0.444919 4.98017
-0.263427 4.99306
-0.0744781 4.99945
0.170536 4.99709
0.00978181 4.99999
-0.341896 4.9883
-0.770445 4.94028
-1.27541 4.8346
-1.84093 4.64876
-2.43008 4.36975
-2.99958 4.00031
-3.51407 3.55687
-3.94728 3.06904
-4.28418 2.57795
-4.52704 2.12271
-4.6931 1.72476
-4.80277 1.39046
4.74949 1.56279
4.82035 1.32826
4.86711 1.14509
4.90555 0.967234
4.92059 0.887588
4.92896 0.839831
4.93013 0.832987
4.92397 0.868652
4.9107 0.940748
4.88654 1.05911
4.84616 1.23074
4.82315 1.31803
4.74397 1.57949
4.62103 1.90946
4.43554 2.30781
4.16589 2.76503
3.7948 3.25569
2.99938 4.00046
1.94034 4.60815
1.28348 4.83246
0.721164 4.94772
0.269673 4.99272
-0.0779795 4.99939
-0.33514 4.98876
-0.402057 4.98381
-0.555099 4.96909
-0.653318 4.95713
-0.70698 4.94977
-0.728252 4.94668
-0.708009 4.94962
-0.652387 4.95726
-0.564516 4.96803
-0.382355 4.98536
-0.19359 4.99625
0.0504848 4.99975
0.135703 4.99816
-0.219408 4.99518
-0.660909 4.95613
-1.19047 4.85621
-1.78887 4.66904
-2.40757 4.38219
-2.99838 4.00121
-3.53058 3.54048
-3.98048 3.02585
-4.32837 2.50304
-4.57278 2.0223
-4.73394 1.6093
-4.83622 1.26923
4.78561 1.44844
4.85059 1.21318
4.89299 1.02892
4.92736 0.849179
4.94163 0.761746
4.94989 0.706102
4.95276 0.68571
4.94974 0.707136
4.94179 0.760704
4.92574 0.858514
4.89699 1.00968
4.88301 1.07529
4.8211 1.32551
4.7172 1.65772
4.54738 2.07877
4.27907 2.58643
3.87957 3.15419
2.9993 4.00052
1.75247 4.68282
1.01548 4.89579
0.415753 4.98268
-0.0389158 4.99985
-0.368546 4.9864
-0.59814 4.96409
-0.637207 4.95923
-0.761777 4.94163
-0.8332 4.93009
-0.864802 4.92464
-0.870903 4.92357
-0.838789 4.92914
-0.775058 4.93956
-0.683089 4.95312
-0.506019 4.97433
-0.324278 4.98947
-0.0893441 4.9992
0.278465 4.99224
-0.0675233 4.99954
-0.508412 4.97408
-1.05466 4.8875
-1.6881 4.70641
-2.35581 4.41023
-2.99732 4.00201
-3.57045 3.50027
-4.04377 2.94073
-4.3961 2.38209
-4.63257 1.88131
-4.78057 1.46496
-4.87047 1.13073
4.82418 1.31425
4.88063 1.08603
4.91698 0.907347
4.94621 0.731432
4.95895 0.63935
4.96679 0.575284
4.97042 0.543043
4.96973 0.549343
4.96613 0.580993
4.95722 0.652691
4.93924 0.777084
4.93302 0.815696
4.89005 1.04277
4.81051 1.36343
4.66652 1.79544
4.41491 2.34703
4.0038 2.99492
2.99892 4.00081
1.49537 4.77115
0.671005 4.95477
0.0484639 4.99977
-0.390389 4.98474
-0.686 4.95272
-0.875128 4.92282
-0.881183 4.92174
-0.971534 4.9047
-1.01265 4.89638
-1.02067 4.89471
-1.01027 4.89687
-0.964484 4.9061
-0.900413 4.91826
-0.805005 4.93477
-0.63626 4.95935
-0.466834 4.97816
-0.249874 4.99375
0.439541 4.98064
0.117646 4.99862
-0.305079 4.99068
-0.849195 4.92736
-1.5149 4.76498
-2.25651 4.46185
-2.99637 4.00272
-3.64648 3.42099
-4.14778 2.79212
-4.49155 2.1968
-4.70528 1.69125
-4.83144 1.2873
-4.90438 0.973191
4.86382 1.159
4.9096 0.946474
4.93899 0.778693
4.96266 0.609959
4.97352 0.513872
4.9798 0.449017
4.98378 0.402471
4.98462 0.391847
4.984 0.399678
4.98053 0.44085
4.97161 0.53203
4.97099 0.537786
4.94671 0.72805
4.89459 1.02128
4.78596 1.44726
4.56814 2.03277
4.16035 2.77336
-4.00124 2.99834
-3.91956 3.10436
0.214821 4.99538
-0.402996 4.98373
-0.796322 4.93618
-1.0355 4.8916
-1.1686 4.86152
-1.13267 4.87002
-1.1806 4.85862
-1.18862 4.85666
-1.17321 4.86041
-1.14744 4.86656
-1.08911 4.87994
-1.00716 4.89751
-0.91897 4.91482
-0.767414 4.94076
-0.618238 4.96163
-0.430133 4.98146
0.617554 4.96172
0.338983 4.9885
-0.0411948 4.99983
-0.558011 4.96877
-1.24295 4.84304
-3.70098 -3.36195
-4.00332 -2.99557
-4.26859 -2.60368
-4.29835 2.55425
-4.61258 1.92978
-4.78782 1.4411
-4.88363 1.07247
-4.93599 0.797489
4.9024 0.983085
4.93604 0.797216
4.95777 0.648493
4.97533 0.496099
4.98341 0.40691
4.98952 0.323561
4.99304 0.263697
4.99443 0.236035
4.99515 0.220128
4.99477 0.228593
4.99234 0.276696
4.99433 0.238088
4.98596 0.374423
4.96176 0.617181
4.89715 1.00895
4.73493 1.60637
-4.07953 2.89092
-4.00116 2.99845
-3.89959 3.12941
-0.338418 4.98853
-0.918249 4.91496
-1.23685 4.84461
-1.40301 4.79912
-1.47034 4.77892
-1.38879 4.80326
-1.39193 4.80235
-1.36516 4.81003
-1.32131 4.82225
-1.27687 4.83421
-1.20821 4.85183
-1.12273 4.87232
-1.03556 4.89159
-0.904357 4.91753
-0.780867 4.93865
-0.63159 4.95995
0.814773 4.93317
0.599109 4.96398
0.294054 4.99135
-0.155739 4.99758
-3.33748 -3.72307
-3.64848 -3.41886
-4.00381 -2.99492
-4.30918 -2.53594
-4.51169 -2.15515
-4.75281 1.55268
-4.8735 1.1176
-4.93289 0.816433
-4.96379 0.600689
4.93811 0.784266
4.95946 0.635387
4.97378 0.511383
4.98564 0.378611
4.99159 0.289877
4.99591 0.202195
4.99828 0.131228
4.99928 0.084937
4.99985 0.0390193
4.99999 0.0090898
4.99999 0.0108117
4.99943 -0.0752419
5 -0.0047347
4.99717 0.168344
4.97543 0.495079
4.88337 1.07365
-4.09791 2.86481
-4.00086 2.99885
-3.85943 3.17881
-3.7208 3.34001
-1.48173 4.7754
-1.69917 4.70243
-1.77548 4.67415
-1.76686 4.67741
-1.64141 4.7229
-1.59598 4.73844
-1.53227 4.75943
-1.46364 4.78098
-1.40305 4.79911
-1.32429 4.82144
-1.23463 4.84517
-1.15091 4.86574
-1.04477 4.88963
-0.954124 4.90812
-0.853225 4.92666
1.02938 4.89289
0.897603 4.91877
0.697908 4.95106
0.369609 4.98633
-3.23634 -3.81133
-3.60348 -3.46627
-4.00416 -2.99447
-4.34256 -2.47837
-4.56838 -2.03225
-4.88934 1.04615
-4.948 0.719286
-4.97313 0.517729
-4.98525 0.383846
4.96824 0.562666
4.9787 0.461045
4.98634 0.36933
4.99317 0.261171
4.99693 0.175242
4.99932 0.0822857
5 -0.000319829
4.99958 -0.0648539
4.99809 -0.138135
4.99573 -0.206635
4.99345 -0.255902
4.9849 -0.388332
4.98421 -0.397003
4.99007 -0.315017
4.99928 -0.0847712
-4.24915 2.63529
-4.13381 2.81276
-4.00011 2.99986
-3.84474 3.19656
-3.68008 3.38482
-2.10739 4.5342
-2.18231 4.49861
-2.1482 4.515
-2.05549 4.55795
-1.88835 4.6297
-1.79191 4.66788
-1.68868 4.7062
-1.59543 4.73863
-1.51938 4.76356
-1.42864 4.79156
-1.34463 4.81581
-1.26974 4.83609
-1.19182 4.85588
-1.13866 4.86863
-1.09473 4.8787
1.26328 4.8378
1.22995 4.84639
1.16411 4.86263
-2.81922 -4.12945
-3.14773 -3.88488
-3.56255 -3.50839
-4.00438 -2.99424
-4.37176 -2.42657
-4.61433 -1.92572
-4.7554 -1.54484
-4.99389 0.247488
-4.99682 0.178762
-4.99793 0.144139
4.98991 0.317629
4.99254 0.273045
4.99521 0.218873
4.99808 0.138796
4.99963 0.0610903
4.99993 -0.0271098
4.99847 -0.12373
4.99575 -0.206236
4.99057 -0.306872
4.9826 -0.416816
4.97294 -0.519499
4.95097 -0.698462
4.93583 -0.798502
4.92979 -0.834943
4.94309 -0.752207
-4.28079 2.58358
-4.14587 2.79495
-3.99936 3.00085
-3.83491 3.20834
-3.63853 3.42944
-2.74898 4.1765
-2.65886 4.23444
-2.51321 4.32248
-2.33584 4.42085
-2.12131 4.5277
-1.97657 4.59274
-1.83819 4.64985
-1.71988 4.6949
-1.62731 4.72779
-1.52663 4.76125
-1.44674 4.78614
-1.38609 4.80407
-1.34286 4.81634
-1.333 4.81909
-1.35321 4.81348
1.51194 4.76603
1.59028 4.7405
1.68323 4.70834
-2.68511 -4.2181
-3.06713 -3.94908
-3.52455 -3.54688
-4.00457 -2.99438
-4.39799 -2.37913
-4.65332 -1.82997
-4.80284 -1.39086
-4.99149 -0.293838
-4.99623 -0.196734
-4.99876 -0.114724
4.99979 0.0510673
4.99951 0.0723429
4.99964 0.0623344
4.99999 0.0173432
4.9998 -0.0464882
4.99828 -0.131389
4.99428 -0.239336
4.98842 -0.340134
4.97801 -0.468428
4.96172 -0.617552
4.9398 -0.773593
4.89775 -1.00603
4.85335 -1.20209
4.8099 -1.36562
4.77965 -1.46797
-4.31168 2.53169
-4.15333 2.78386
-3.99941 3.00082
-3.82781 3.21684
-3.60489 3.46482
-3.36397 3.69918
-3.11473 3.91136
-2.86127 4.10042
-2.60294 4.26909
-2.3454 4.41584
-2.15238 4.51308
-1.98016 4.59126
-1.83632 4.65068
-1.73046 4.69112
-1.62777 4.72776
-1.54405 4.75581
-1.49957 4.77008
-1.4959 4.77131
-1.53489 4.75901
-1.62479 4.7292
1.77477 4.67513
1.96659 4.59791
2.219 4.48176
-2.55698 -4.29813
-2.99366 -4.00646
-3.50275 -3.57009
-4.0051 -2.99567
-4.41346 -2.35267
-4.68721 -1.74411
-4.84324 -1.24608
-4.9241 -0.872302
-4.96463 -0.598615
-4.98497 -0.393269
4.99487 -0.234119
4.99833 -0.139289
4.99923 -0.0983776
4.9991 -0.1026
4.99786 -0.150299
4.9943 -0.240505
4.98766 -0.352092
4.97824 -0.466534
4.96118 -0.622213
4.93395 -0.810254
4.89467 -1.02108
4.82649 -1.30588
4.73743 -1.59906
4.62724 -1.89444
4.49336 -2.19316
-4.33541 2.49086
-4.159 2.77541
-3.9993 3.00138
-3.77224 3.28224
-3.52841 3.54308
-3.87269 3.16316
-3.51227 3.55917
-3.17099 3.86641
-2.84532 4.11208
-2.55164 4.30059
-2.31362 4.43328
-2.1112 4.53328
-1.94713 4.60627
-1.82775 4.65508
-1.72194 4.69549
-1.64276 4.72418
-1.61513 4.73408
-1.65258 4.72161
-1.74246 4.68981
-1.89808 4.6297
2.03722 4.57097
2.34034 4.42433
2.74173 4.18851
-2.44326 -4.37034
-2.92295 -4.06601
-3.47421 -3.6069
-4.00805 -3.00232
-4.43702 -2.32082
-4.72139 -1.66522
-4.87809 -1.12205
-4.7865 -1.46093
-4.90054 -1.01047
-4.95672 -0.678593
4.97443 -0.528232
4.98886 -0.361618
4.99446 -0.266247
4.9961 -0.227204
4.9944 -0.257713
4.98899 -0.343609
4.97966 -0.457899
4.96609 -0.586385
4.94177 -0.764318
4.90239 -0.985525
4.84165 -1.25004
4.74248 -1.58512
4.59802 -1.96507
4.39898 -2.3774
4.11985 -2.83366
-4.38829 2.39699
-4.20582 2.70441
-4.00024 3.00591
-3.76597 3.29495
-3.46916 3.6064
-4.27534 2.60115
-3.84639 3.20221
-3.43776 3.63817
-3.04952 3.97012
-2.7248 4.2006
-2.44901 4.36794
-2.21523 4.49196
-2.03065 4.57936
-1.89837 4.63683
-1.78487 4.68312
-1.72036 4.70893
-1.71038 4.7158
-1.78636 4.69092
-1.92191 4.64048
-2.13926 4.54781
2.26821 4.48878
2.66415 4.2701
3.18363 3.90299
-2.29718 -4.48582
-2.83672 -4.16857
-3.44127 -3.68675
-4.0241 -3.03807
-4.4844 -2.29914
-4.77855 -1.58722
-4.93366 -0.983315
-4.61449 -1.99302
-4.82564 -1.39252
-4.92845 -0.950027
4.95109 -0.806966
4.98169 -0.56993
4.9942 -0.422969
4.99853 -0.34065
4.99605 -0.350204
4.98983 -0.418869
4.97748 -0.539666
4.95962 -0.680902
4.92759 -0.880733
4.87405 -1.13851
4.79055 -1.4491
4.65978 -1.82528
4.44978 -2.2894
4.146 -2.80179
3.68942 -3.38025
-4.43034 2.32577
-4.21329 2.6992
-4.03003 3.04103
-3.75765 3.37245
-3.3955 3.74278
-4.5755 2.15531
-4.09695 2.97299
-3.6061 3.55944
-3.13889 3.98512
-2.75945 4.26425
-2.4248 4.46951
-2.14803 4.615
-1.93203 4.71607
-1.77819 4.78294
-1.64932 4.83809
-1.56883 4.87722
-1.55974 4.89411
-1.65738 4.87636
-1.82197 4.83031
-2.08413 4.7377
2.19561 4.7008
2.68754 4.45459
3.3359 4.00637
4.14008 3.18
-2.51637 -4.57914
-3.31808 -4.03354
-4.08981 -3.23797
-4.66819 -2.29659
-4.99522 -1.39592
-3.99962 -3.2733
-4.60845 -2.30353
-4.89255 -1.56502
-5.02012 -1.01692
5.034 -0.883238
5.06656 -0.590508
5.07661 -0.40399
5.07618 -0.287326
5.06881 -0.282781
5.05799 -0.354337
5.04318 -0.479968
5.02346 -0.634026
4.988 -0.85654
4.92647 -1.15085
4.82357 -1.51884
4.6625 -1.95193
4.38605 -2.50778
3.96301 -3.1314
3.31515 -3.80918
-4.52444 2.23982
-4.2718 2.68751
-4.32348 3.54732
-3.3252 4.51753
-5.22589 2.04803
-4.20615 3.73556
-3.08579 4.726
-2.10291 5.25886
-1.29718 5.53809
-0.745198 5.66584
-0.313942 5.72373
0.0278408 5.7518
0.29097 5.76489
0.477817 5.77158
0.629207 5.77871
0.747806 5.79164
0.784781 5.8078
0.704376 5.83536
0.591677 5.86645
0.406326 5.90277
-0.543507 5.90932
-0.118145 5.94422
0.51931 5.93042
1.57293 5.73497
1.93722 -5.60758
0.488186 -5.88405
-2.8975 -5.10871
-5.70191 -1.23718
-5.66974 1.21453
-5.46705 -1.80777
-5.69228 -0.586556
-5.68402 0.174235
-5.61439 0.69902
5.59118 0.67642
5.53085 0.941765
5.48194 1.12183
5.442 1.25785
5.42764 1.2756
5.42976 1.21153
5.44546 1.09853
5.46874 0.955243
5.50025 0.741805
5.53299 0.452751
5.55218 0.0566551
5.53139 -0.458753
5.40928 -1.24398
5.08193 -2.24355
4.35516 -3.45656
2.95156 -4.72415
-5.04913 2.39533
6.01346 -3.9957
6.45685 -3.2558
5.98924 4.05055
6.06553 3.93844
6.03854 3.99024
5.95172 4.12914
5.83094 4.30319
5.62766 4.57254
5.57894 4.62982
5.53291 4.69045
5.48779 4.74852
5.46196 4.79348
5.38651 4.86488
5.34307 4.92171
5.23763 4.99554
5.11036 5.09873
5.01849 5.16926
4.91033 5.25226
-5.22115 4.9234
-5.07892 5.0397
-4.87895 5.2062
-4.57374 5.4449
-4.10793 5.76171
6.88411 1.48682
6.38993 2.85922
5.4047 4.39801
-2.70547 6.38374
-3.0302 6.2123
-3.3115 6.04542
-3.48963 5.93284
-3.57272 5.88782
4.05728 5.57166
4.00708 5.62594
3.93122 5.70458
3.78575 5.84036
3.64392 5.98337
3.5479 6.04424
3.4099 6.15029
3.30698 6.21315
3.16764 6.30184
3.01119 6.39396
2.84036 6.4929
2.37977 6.69824
2.0109 6.84186
1.68166 6.9497
1.46652 7.01738
1.47932 7.03775
5.48131 -4.69234
4.42293 6.37105
6.02784 4.88052
6.47173 4.27668
6.69995 3.90974
6.78313 3.76258
6.78358 3.7596
6.7286 3.85347
6.55954 4.13096
6.53111 4.17215
6.48376 4.24123
6.43109 4.3152
6.37783 4.38693
6.30368 4.48838
6.22507 4.59038
6.14945 4.68122
6.027 4.82688
5.92418 4.93957
5.7973 5.07498
-6.09739 4.69546
-5.9326 4.88578
-5.69865 5.13847
-5.35657 5.47778
-4.87295 5.89421
-4.23197 6.35358
-3.50919 6.76418
-2.91066 7.03002
-2.59238 7.14465
-2.51845 7.1682
-2.54304 7.16092
-2.5955 7.15088
-2.61646 7.15453
3.21459 6.91997
3.1345 6.97182
3.03431 7.03239
2.86225 7.11869
2.72901 7.18427
2.56732 7.25384
2.39558 7.31998
2.25813 7.37254
2.10771 7.42459
1.95552 7.47257
1.83178 7.50954
1.42743 7.60337
1.24812 7.64078
1.19572 7.65371
1.32602 7.63586
1.73425 7.55631
2.45958 7.35366
4.5138 6.3691
5.85324 5.16524
6.29744 4.61324
6.56007 4.23128
6.69087 4.02094
6.73297 3.94953
6.70941 3.98882
6.55209 4.24158
6.54096 4.25812
6.51066 4.30355
6.46971 4.36398
6.42589 4.42724
6.3543 4.52804
6.26501 4.64837
6.18085 4.75799
6.03837 4.93541
5.91187 5.08373
5.75382 5.25902
-6.05761 4.90248
-5.85457 5.1395
-5.5844 5.42744
-5.22561 5.76913
-4.76447 6.15115
-4.22955 6.52597
-3.69693 6.83832
-3.29137 7.03958
-3.08123 7.1332
-3.00123 7.16766
-2.97528 7.18081
-2.93793 7.19971
-2.86672 7.23201
3.42484 6.9891
3.28015 7.06211
3.12739 7.13453
2.91303 7.22763
2.75753 7.29071
2.57498 7.36032
2.41077 7.41748
2.29313 7.45589
2.16887 7.49405
2.05597 7.52673
1.97582 7.54892
1.62299 7.63344
1.53154 7.65303
1.58234 7.64326
1.80755 7.59359
2.25181 7.47422
2.92764 7.23648
4.56692 6.33552
5.687 5.3529
6.1087 4.86614
6.38175 4.50207
6.53412 4.27788
6.59838 4.17803
6.5978 4.17888
6.45471 4.39658
6.45868 4.39066
6.43846 4.42016
6.40415 4.46962
6.36442 4.52588
6.29216 4.62562
6.19921 4.74915
6.10316 4.87162
5.93759 5.0717
5.78516 5.24447
5.59432 5.44704
-5.88897 5.12636
-5.65029 5.38755
-5.35024 5.68478
-4.98786 6.00429
-4.56905 6.32783
-4.14648 6.6114
-3.79573 6.81795
-3.59153 6.92721
-3.52763 6.95996
-3.50947 6.96952
-3.47499 6.98753
-3.37785 7.03587
-3.23722 7.10257
3.72818 6.85852
3.52791 6.96445
3.33095 7.06141
3.08069 7.17469
2.90751 7.24708
2.72158 7.31934
2.56306 7.37658
2.45756 7.41255
2.35234 7.44674
2.26686 7.47332
2.22238 7.48676
1.92234 7.56945
1.88786 7.5782
1.98386 7.5537
2.23721 7.48262
2.67064 7.33913
3.27283 7.09112
4.6102 6.30442
5.60754 5.43647
5.97242 5.03288
6.22306 4.71944
6.3795 4.50573
6.4579 4.39262
6.47554 4.36657
6.34726 4.55101
6.36332 4.52852
6.35066 4.54624
6.3224 4.58545
6.28728 4.63347
6.21667 4.72776
6.11915 4.85328
6.01487 4.98188
5.83137 5.1954
5.65856 5.38303
5.44287 5.60093
-5.72065 5.31677
-5.45969 5.58428
-5.1462 5.87426
-4.78757 6.16985
-4.4088 6.44574
-4.07425 6.66204
-3.88136 6.77604
-3.8537 6.79171
-3.8973 6.76681
-3.92411 6.75142
-3.8793 6.77747
-3.75061 6.84973
-3.56785 6.94688
3.98999 6.7135
3.75069 6.85021
3.52356 6.96988
3.25037 7.10149
3.06889 7.18186
2.88213 7.25887
2.73377 7.31606
2.64189 7.34976
2.5543 7.38068
2.48981 7.40269
2.47354 7.40815
2.2223 7.48737
2.2282 7.48563
2.34711 7.4492
2.59431 7.36676
2.97248 7.22247
3.47661 6.99378
4.64915 6.27577
5.52907 5.51628
5.82818 5.19926
6.05737 4.93034
6.21755 4.72673
6.31066 4.60169
6.34785 4.55025
6.23518 4.70345
6.25951 4.67103
6.25498 4.67709
6.23428 4.70464
6.20447 4.74388
6.13467 4.83381
6.04465 4.94591
5.9284 5.08466
5.73252 5.30451
5.54752 5.49768
5.31857 5.71945
-5.57355 5.47126
-5.29798 5.73848
-4.98191 6.01489
-4.64063 6.28191
-4.31256 6.51146
-4.06674 6.66771
-3.96164 6.73064
-4.03132 6.68912
-4.1742 6.60091
-4.25493 6.5492
-4.2115 6.57725
-4.05981 6.672
-3.84111 6.8003
4.19666 6.58686
3.93736 6.74509
3.69492 6.88091
3.40939 7.02677
3.21303 7.11872
3.04979 7.19017
2.91002 7.24787
2.83265 7.27846
2.76337 7.30504
2.71969 7.32142
2.72428 7.31971
2.51825 7.39313
2.56182 7.37814
2.70026 7.32861
2.93928 7.23606
3.26584 7.09467
3.66407 6.89743
4.68765 6.24708
5.38994 5.65231
5.67284 5.36833
5.89504 5.12333
6.05944 4.9278
6.16634 4.79335
6.21901 4.72482
6.1197 4.85276
6.15284 4.81067
6.15654 4.80593
6.13916 4.82811
6.10989 4.8651
6.04764 4.94227
5.95211 5.05691
5.83771 5.18855
5.63924 5.40361
5.45076 5.59367
5.21895 5.81054
-5.44962 5.59478
-5.17251 5.85192
-4.86657 6.1087
-4.5488 6.34886
-4.25799 6.54745
-4.07613 6.66217
-4.05296 6.67628
-4.19679 6.58682
-4.40533 6.44921
-4.50344 6.38109
-4.46011 6.41147
-4.29788 6.52134
-4.06194 6.67086
4.36012 6.4799
4.09641 6.64976
3.85268 6.79388
3.57172 6.9457
3.38683 7.03771
3.22046 7.11538
3.10134 7.1681
3.03011 7.1985
2.97296 7.22229
2.94788 7.23257
2.96958 7.22368
2.79905 7.29146
2.86924 7.26412
3.02391 7.20111
3.25776 7.09838
3.55861 6.95243
3.91611 6.75752
4.7208 6.22206
5.34062 5.69893
5.57362 5.47127
5.76774 5.26623
5.91935 5.09522
6.02553 4.9692
6.08583 4.89517
6.00189 4.99773
6.04124 4.95009
6.05064 4.9386
6.03736 4.95482
6.01098 4.9868
5.95567 5.05273
5.86159 5.16157
5.74923 5.28643
5.55416 5.49102
5.36816 5.67299
5.14195 5.8788
-5.34768 5.6923
-5.08095 5.93161
-4.79179 6.16755
-4.49853 6.3846
-4.24585 6.55536
-4.10136 6.6467
-4.14161 6.6217
-4.35297 6.48471
-4.58332 6.324
-4.69659 6.24034
-4.64599 6.27811
-4.47609 6.40036
-4.23932 6.55958
4.48842 6.39172
4.23117 6.56485
3.99445 6.71151
3.72649 6.86391
3.55174 6.95594
3.39434 7.03409
3.29282 7.08218
3.23152 7.11036
3.18654 7.13064
3.17507 7.13575
3.20895 7.12058
3.07263 7.18046
3.15216 7.1459
3.29873 7.07943
3.50455 6.97984
3.75815 6.84663
4.04797 6.67937
4.75237 6.19798
5.24134 5.79036
5.44752 5.59684
5.62804 5.41527
5.77314 5.26031
5.8793 5.14138
5.94735 5.06251
5.88191 5.1384
5.92244 5.09163
5.93488 5.07713
5.92651 5.08689
5.90552 5.11125
5.84831 5.17661
5.76799 5.26595
5.66094 5.38087
5.47423 5.57071
5.29731 5.7392
5.08441 5.92864
-5.26462 5.7692
-5.01627 5.98641
-4.75 6.1998
-4.48333 6.39529
-4.26462 6.54316
-4.16344 6.608
-4.23403 6.563
-4.46672 6.4069
-4.72882 6.21597
-4.84317 6.12729
-4.78113 6.17582
-4.61083 6.30399
-4.38313 6.46438
4.5894 6.31961
4.34823 6.4879
4.12693 6.63087
3.87756 6.77971
3.71816 6.86843
3.59012 6.93621
3.48992 6.98716
3.44126 7.01126
3.40775 7.02761
3.40433 7.02926
3.44297 7.01042
3.34263 7.05881
3.43066 7.01645
3.57055 6.94631
3.75829 6.84655
3.98362 6.71794
4.22931 6.56604
4.78238 6.17485
5.17005 5.85411
5.35126 5.68894
5.51128 5.53406
5.64212 5.4006
5.74368 5.29247
5.81385 5.21528
5.76047 5.27418
5.80022 5.23044
5.81449 5.21457
5.80907 5.2206
5.79068 5.241
5.74922 5.28645
5.6692 5.37217
5.5686 5.47637
5.39717 5.6454
5.23562 5.79554
5.04308 5.96384
-5.19749 5.82976
-4.9731 6.02231
-4.73606 6.21045
-4.50553 6.37967
-4.31704 6.5087
-4.23821 6.5603
-4.3295 6.50042
-4.57747 6.32825
-4.83316 6.13519
-4.93301 6.0552
-4.87595 6.10124
-4.71297 6.22799
-4.5011 6.3828
4.66965 6.26054
4.45265 6.41669
4.25397 6.5501
4.03115 6.68953
3.88631 6.7747
3.76625 6.84218
3.69612 6.88031
3.65385 6.90285
3.62797 6.91649
3.63044 6.9152
3.66895 6.89484
3.59062 6.93596
3.6781 6.88996
3.80555 6.82039
3.96763 6.7274
4.16054 6.60983
4.37149 6.47226
4.80984 6.15349
5.12001 5.89792
5.26893 5.76527
5.40356 5.63929
5.51822 5.52714
5.60978 5.43419
5.67665 5.36429
5.63555 5.40745
5.67418 5.36691
5.69196 5.34804
5.69143 5.34861
5.67843 5.36241
5.63365 5.40943
5.56284 5.48223
5.47493 5.57003
5.3242 5.71427
5.18258 5.84302
5.01539 5.98714
-5.14376 5.87722
-4.95037 6.04101
-4.74769 6.20157
-4.55238 6.34633
-4.39614 6.45554
-4.33265 6.49832
-4.42848 6.43339
-4.66985 6.26039
-4.90062 6.08144
-4.99103 6.00747
-4.93293 6.05527
-4.78486 6.17294
-4.59928 6.31242
4.73386 6.21213
4.54686 6.35028
4.37582 6.46933
4.18565 6.59396
4.0637 6.66981
3.96011 6.73183
3.88955 6.77284
3.86027 6.78957
3.84467 6.79842
3.85346 6.79344
3.891 6.77201
3.8326 6.80523
3.91211 6.75983
4.02129 6.69546
4.15707 6.61202
4.3137 6.51092
4.48351 6.39517
4.83678 6.13234
5.07604 5.93581
5.19993 5.82758
5.30831 5.72903
5.40236 5.64044
5.48185 5.56321
5.54153 5.50377
5.5122 5.53314
5.54801 5.49724
5.56403 5.48102
5.56154 5.48354
5.55033 5.4949
5.51258 5.53277
5.45454 5.58999
5.38178 5.66007
5.25509 5.77789
5.13727 5.8829
4.99943 6.00048
-5.10181 5.91367
-4.94268 6.04731
-4.77836 6.17797
-4.61933 6.29776
-4.49 6.39061
-4.44195 6.4241
-4.53172 6.36109
-4.74908 6.2005
-4.95255 6.03923
-5.01861 5.98444
-4.96157 6.03182
-4.83651 6.13255
-4.68117 6.25193
4.78503 6.1728
4.63178 6.28861
4.49202 6.38919
4.33633 6.49587
4.23904 6.55977
4.15712 6.61199
4.09939 6.64793
4.07526 6.66275
4.06088 6.67153
4.06935 6.66636
4.10278 6.64584
4.06074 6.67161
4.12824 6.63006
4.21895 6.5727
4.32577 6.5029
4.44816 6.4198
4.586 6.32207
4.86034 6.11368
5.07371 5.9378
5.15417 5.86809
5.2289 5.8016
5.29835 5.73825
5.35808 5.68252
5.40368 5.63917
5.38445 5.65754
5.41396 5.62931
5.4266 5.61712
5.4264 5.61731
5.41915 5.6243
5.38962 5.65261
5.34151 5.69809
5.28586 5.74975
5.18827 5.83796
5.09797 5.91699
4.99257 6.00618
-5.06932 5.94155
-4.94738 6.04346
-4.82179 6.14413
-4.70089 6.23712
-4.60344 6.30939
-4.56814 6.33499
-4.64021 6.28239
-4.81394 6.15028
-4.97516 6.02061
-5.02245 5.98122
-4.97229 6.02299
-4.87124 6.105
-4.75047 6.19944
4.82657 6.14037
4.71022 6.23007
4.60542 6.30794
4.4891 6.39124
4.41734 6.44105
4.35145 6.48574
4.30812 6.51461
4.29126 6.52573
4.28169 6.53201
4.28785 6.52796
4.31384 6.51082
4.28482 6.52996
4.33201 6.49875
4.39587 6.45572
4.47045 6.4043
4.55122 6.34716
4.63918 6.28315
4.88988 6.09008
5.04273 5.96413
5.09357 5.92077
5.14407 5.87695
5.19108 5.83547
5.23175 5.79903
5.26516 5.76872
5.25558 5.77745
5.27699 5.75789
5.28691 5.74879
5.28776 5.74801
5.28277 5.7526
5.26243 5.77121
5.23591 5.79528
5.1957 5.83136
5.12753 5.89139
5.06505 5.94519
4.99312 6.00573
-5.04372 5.9633
-4.9611 6.0322
-4.87649 6.1008
-4.79539 6.16475
-4.73014 6.21496
-4.7044 6.23447
-4.75138 6.19874
-4.8692 6.10662
-4.97461 6.02107
-5.00294 5.99755
-4.96508 6.02893
-4.89397 6.0868
-4.81135 6.15231
4.86033 6.11369
4.78114 6.17581
4.70957 6.23056
4.63021 6.28977
4.57987 6.32651
4.54569 6.35112
4.51698 6.37157
4.50568 6.37956
4.49996 6.3836
4.50481 6.38018
4.52271 6.36751
4.50681 6.37877
4.53922 6.35574
4.57979 6.32657
4.62736 6.29186
4.6788 6.2537
4.73194 6.2136
4.92345 6.06297
5.01484 5.9876
5.04086 5.96572
5.06727 5.9433
5.09156 5.9225
5.11266 5.9043
5.13044 5.88885
5.12651 5.89227
5.13813 5.88215
5.14431 5.87674
5.14506 5.87608
5.14236 5.87845
5.13219 5.88733
5.1176 5.90002
5.09793 5.91702
5.06367 5.94637
5.03224 5.97299
4.99604 6.0033
-5.02127 5.98221
-4.97967 6.01688
-4.93744 6.05159
-4.89657 6.0847
-4.86246 6.11199
-4.84637 6.12476
-4.86564 6.10946
-4.91786 6.0675
-4.96219 6.0313
-4.97064 6.02434
-4.94828 6.04272
-4.91114 6.07295
-4.86914 6.10668
4.89291 6.08764
4.85322 6.11933
4.81786 6.14721
4.77913 6.17737
4.75546 6.19561
4.73717 6.20961
4.72329 6.22017
4.71713 6.22484
4.71453 6.22681
4.71782 6.22432
4.7269 6.21743
4.71989 6.22275
4.73608 6.21044
4.75568 6.19545
4.77853 6.17783
4.80355 6.1584
4.82859 6.13879
4.96218 6.03132
5 6
5 6
5.00001 5.99999
5.00003 5.99997
5.00006 5.99995
5.00007 5.99994
5 6
5.00003 5.99997
5.00011 5.99991
5.00031 5.99974
5.00061 5.99949
5.00091 5.99924
5.00101 5.99916
5.00112 5.99906
5.00122 5.99898
5.00128 5.99893
5.0013 5.99892
-5.00129 5.99892
-5.00121 5.99899
-5.00096 5.9992
-5.00026 5.99978
-4.99769 6.00191
-4.9916 6.00698
-4.9794 6.01709
-4.96061 6.03259
-4.94242 6.0475
-4.93144 6.05646
-4.92682 6.06023
-4.925 6.06171
-4.92431 6.06227
4.92406 6.06247
4.92397 6.06255
4.92397 6.06255
4.92402 6.06251
4.92408 6.06246
4.92411 6.06244
4.92444 6.06217
4.92422 6.06235
4.92411 6.06244
4.92394 6.06257
4.92379 6.06269
4.92388 6.06262
4.92397 6.06255
4.92407 6.06247
4.92412 6.06243
4.92414 6.06241
4.92416 6.0624
5.00068 5.99943
4.98512 6.01237
4.95895 6.03397
4.93218 6.05587
4.90739 6.07598
4.88583 6.09333
4.86772 6.10781
4.87183 6.10453
4.85985 6.11407
4.85358 6.11905
4.8531 6.11943
4.85633 6.11687
4.86705 6.10834
4.88288 6.09569
4.90344 6.07917
4.93865 6.05059
4.97049 6.02447
5.00676 5.99436
-4.98137 6.01547
-5.02269 5.98102
-5.06376 5.94628
-5.10227 5.91327
-5.13086 5.88847
-5.13416 5.88558
-5.09117 5.9228
-5.00348 5.99706
-4.92177 6.0643
-4.89215 6.08823
-4.90568 6.07735
-4.93911 6.05022
-4.97923 6.01724
4.95514 6.0371
4.99404 6.00496
5.02847 5.97616
5.06611 5.94429
5.0891 5.92461
5.10737 5.90887
5.12057 5.89744
5.12586 5.89284
5.12789 5.89107
5.12421 5.89427
5.11529 5.90202
5.12242 5.89583
5.10743 5.90882
5.08886 5.92482
5.06694 5.94358
5.04281 5.96407
5.01849 5.98455
5.03392 5.97157
4.95267 6.03913
4.90479 6.07808
4.85341 6.11918
4.80444 6.15771
4.76097 6.19138
4.72495 6.21891
4.73639 6.2102
4.71431 6.22698
4.7032 6.23538
4.70217 6.23615
4.70753 6.23211
4.72848 6.21623
4.76139 6.19105
4.8032 6.15868
4.87397 6.10282
4.93774 6.05134
5.00985 5.99178
-4.95866 6.0342
-5.04085 5.96571
-5.12277 5.89551
-5.19841 5.8289
-5.2561 5.77692
-5.2695 5.76467
-5.20039 5.82706
-5.04844 5.95917
-4.90941 6.07424
-4.86068 6.11334
-4.88973 6.09015
-4.95706 6.0355
-5.03655 5.96933
4.98795 6.01001
5.06447 5.94568
5.1324 5.88714
5.20611 5.82206
5.25134 5.7813
5.28791 5.74787
5.31264 5.72502
5.32184 5.71647
5.32589 5.71269
5.32097 5.71728
5.30624 5.73096
5.32215 5.71619
5.29267 5.74349
5.25545 5.77757
5.21209 5.81671
5.16494 5.85861
5.11746 5.90013
5.07058 5.94047
4.87426 6.10259
4.81431 6.14999
4.74694 6.20214
4.68035 6.25254
4.61919 6.29787
4.56906 6.33433
4.59152 6.31807
4.56088 6.34022
4.54724 6.35001
4.54907 6.3487
4.56209 6.33935
4.58863 6.32016
4.63732 6.28452
4.70021 6.23763
4.80542 6.15694
4.90063 6.08142
5.00803 5.99328
-4.93095 6.05685
-5.05279 5.95557
-5.17346 5.85102
-5.28451 5.75087
-5.36945 5.67158
-5.39258 5.6495
-5.3034 5.7332
-5.10156 5.91349
-4.91256 6.07145
-4.84571 6.12503
-4.88632 6.09277
-4.9828 6.01419
-5.09853 5.91643
5.02545 5.97866
5.13812 5.88213
5.23747 5.79386
5.34363 5.6961
5.4093 5.63378
5.46108 5.5836
5.49158 5.5536
5.51071 5.53462
5.52084 5.52452
5.51772 5.52764
5.49917 5.54609
5.52605 5.51931
5.48746 5.55768
5.43789 5.60619
5.38172 5.66013
5.32155 5.71674
5.26279 5.77088
5.10014 5.91511
4.82251 6.14356
4.72634 6.21785
4.63296 6.28774
4.5447 6.35182
4.46506 6.40806
4.40201 6.45154
4.43953 6.42578
4.40112 6.45214
4.38527 6.46292
4.38916 6.46028
4.40382 6.45029
4.44886 6.41931
4.51455 6.37328
4.5973 6.31384
4.73551 6.21084
4.85983 6.11404
5.00053 5.99948
-4.89674 6.08444
-5.05661 5.95218
-5.21365 5.81501
-5.3578 5.6823
-5.46621 5.57786
-5.49667 5.54753
-5.3988 5.64251
-5.17138 5.85151
-4.9424 6.04628
-4.85236 6.11906
-4.89968 6.08152
-5.01935 5.98336
-5.16654 5.8569
5.06784 5.94261
5.21283 5.81592
5.33948 5.69992
5.47526 5.56964
5.55901 5.48608
5.62649 5.41686
5.67543 5.36557
5.69691 5.34276
5.71147 5.3272
5.70913 5.32971
5.68726 5.35304
5.72693 5.31058
5.68014 5.3606
5.61735 5.42636
5.54386 5.50141
5.4608 5.58387
5.36913 5.67208
5.12781 5.89114
4.78006 6.17664
4.63832 6.28378
4.50804 6.37789
4.39345 6.45736
4.29938 6.52037
4.22945 6.56594
4.28351 6.5308
4.23877 6.55992
4.22245 6.57043
4.22766 6.56707
4.24643 6.55493
4.30286 6.51802
4.38736 6.46141
4.48998 6.39048
4.65985 6.26763
4.81198 6.1515
4.98388 6.01294
-4.85255 6.11922
-5.04812 5.95862
-5.24128 5.78903
-5.4159 5.62539
-5.54658 5.49572
-5.58952 5.45095
-5.4854 5.55462
-5.23696 5.78894
-4.98862 6.00458
-4.88111 6.09319
-4.92919 6.05535
-5.07027 5.93857
-5.24345 5.78691
5.11785 5.89874
5.29151 5.74381
5.44347 5.60025
5.60602 5.4377
5.70652 5.33225
5.78985 5.24173
5.84794 5.1769
5.87324 5.14821
5.88987 5.1292
5.89035 5.12867
5.86739 5.15493
5.91933 5.09521
5.86999 5.15199
5.79816 5.23271
5.70455 5.3346
5.59144 5.45304
5.46102 5.58365
5.15362 5.86844
4.7525 6.19775
4.56409 6.33778
4.39177 6.45838
4.24333 6.55686
4.12938 6.62919
4.05301 6.67613
4.12531 6.63166
4.07633 6.66183
4.0614 6.67089
4.07229 6.66418
4.10031 6.64691
4.15559 6.61237
4.25615 6.54786
4.37802 6.46675
4.57609 6.32779
4.75342 6.1952
4.95379 6.03551
-4.79363 6.16258
-5.0223 5.97651
-5.24746 5.7781
-5.45075 5.58426
-5.60261 5.42873
-5.6532 5.372
-5.5583 5.46627
-5.31845 5.69778
-5.05251 5.93553
-4.93384 6.03717
-4.98161 6.00146
-5.13566 5.87352
-5.33017 5.70028
5.17759 5.84135
5.37637 5.66055
5.54943 5.49223
5.73358 5.30066
5.84911 5.17362
5.9437 5.06532
5.99813 5.00108
6.03171 4.96075
6.05517 4.93229
6.0599 4.92664
6.03744 4.95426
6.10207 4.87455
6.05082 4.9381
5.9662 5.04006
5.84891 5.17575
5.70457 5.33443
5.53652 5.50865
5.1821 5.84155
4.65341 6.27091
4.43389 6.42791
4.23653 6.55956
4.07187 6.6629
3.94563 6.73823
3.86318 6.7856
3.9593 6.7296
3.9105 6.75772
3.8975 6.76479
3.91354 6.75502
3.94397 6.73675
4.02309 6.68904
4.12834 6.62369
4.2611 6.53733
4.482 6.38577
4.67962 6.23987
4.90304 6.06253
-4.71226 6.20807
-4.96605 6.00181
-5.21295 5.7816
-5.44006 5.55958
-5.61283 5.37335
-5.67548 5.29258
-5.59073 5.36816
-5.36247 5.58685
-5.10495 5.82292
-4.99293 5.92672
-5.0464 5.89243
-5.20281 5.76752
-5.4106 5.58447
5.23437 5.75918
5.45403 5.55977
5.64511 5.37225
5.84707 5.15758
5.97075 5.01882
6.06721 4.90454
6.14236 4.81243
6.17875 4.7674
6.20864 4.73006
6.21725 4.72016
6.19996 4.74399
6.28123 4.63698
6.23059 4.70555
6.14293 4.81997
6.02008 4.97295
5.86246 5.15813
5.6738 5.36521
5.18969 5.8044
4.59745 6.28374
4.31866 6.47963
4.07529 6.63536
3.87902 6.75122
3.73749 6.8294
3.65921 6.86977
3.77809 6.8024
3.72738 6.82781
3.71798 6.82981
3.73865 6.81502
3.77409 6.791
3.85832 6.73904
3.98088 6.65921
4.12262 6.5653
4.35455 6.40451
4.56136 6.24758
4.79755 6.05469
-4.57304 6.2105
-4.83767 5.98601
-5.06814 5.76899
-5.27901 5.54706
-5.4545 5.33293
-5.53192 5.20412
-5.46842 5.22277
-5.27526 5.37883
-5.06769 5.56203
-4.97622 5.65923
-5.01321 5.65405
-5.15498 5.56082
-5.38142 5.38459
5.19756 5.59773
5.4403 5.39499
5.65047 5.20484
5.86971 4.98347
6.00941 4.83664
6.13281 4.70465
6.21665 4.60849
6.26475 4.55804
6.30516 4.51499
6.32489 4.49924
6.31579 4.52178
6.41562 4.38931
6.37642 4.45347
6.28722 4.58363
6.15087 4.76876
5.96659 4.9996
5.73572 5.26338
4.91813 5.63473
4.2162 6.1992
3.90856 6.3895
3.65158 6.5363
3.45245 6.6406
3.31895 6.70247
3.25802 6.72458
3.40636 6.64242
3.36773 6.6533
3.36842 6.64248
3.39999 6.61535
3.45134 6.57834
3.53279 6.52236
3.65725 6.44351
3.78944 6.32707
4.01481 6.15339
4.21334 5.98018
4.4522 5.76595
-4.24569 5.87843
-4.63951 5.52497
4.48494 5.5931
-4.22023 5.72372
-4.63763 5.29821
-4.8165 5.01979
-4.7944 4.90557
-4.66739 4.90255
-4.61546 4.86832
-4.78341 4.6732
4.46575 5.0014
-4.30996 5.18925
-4.69651 4.91303
4.5838 5.09844
4.86683 4.91662
5.1154 4.75748
5.36934 4.56677
5.56024 4.45154
5.68939 4.33744
5.78777 4.26102
5.86526 4.2102
5.93507 4.17457
5.9857 4.16547
6.00987 4.19014
6.14851 4.04797
6.14634 4.10712
6.08763 4.23861
5.97278 4.43278
5.80523 4.67871
5.58794 4.96409
1.8783 4.65342
1.58294 4.79369
1.35918 4.8925
1.22646 4.96479
1.18946 5.01744
1.22722 5.04848
1.33595 5.06166
1.62334 5.02296
1.72694 5.0264
1.84826 5.01625
1.97823 5.00292
2.11254 5.0011
2.21856 4.94955
2.35157 4.85732
2.5274 4.82547
2.74163 4.73859
2.9168 4.64855
3.09896 4.52404
-2.89004 4.67275
-3.09064 4.5608
-3.14827 4.50142
-3.0547 4.52186
-3.07683 4.43906
-3.0306 4.34654
-2.86317 4.27709
-2.68587 4.21654
-2.55986 4.12257
-2.5127 4.00838
-2.4805 3.94333
-2.58115 3.83053
-2.74431 3.67142
2.5903 3.77169
2.78375 3.65713
2.93443 3.55373
3.07765 3.43818
3.13915 3.36636
3.26875 3.34154
3.33443 3.33166
3.33638 3.32561
3.35146 3.34246
3.35818 3.38045
3.33869 3.44064
3.41434 3.41191
3.37861 3.49523
3.3005 3.61411
3.17032 3.76574
2.99284 3.94807
2.76707 4.15164
-1.99068 1.61405
-2.353 1.00563
-2.5172 0.579074
-2.59929 0.162179
-2.61736 -0.222969
-2.59184 -0.566924
-2.53844 -0.871325
-2.49469 -1.08599
-2.4211 -1.31392
-2.34873 -1.5061
-2.28825 -1.65903
-2.25262 -1.76713
-2.24608 -1.8549
-2.31718 -1.88342
-2.35324 -1.90041
-2.49941 -1.79065
-2.71936 -1.55576
-2.9982 -1.09898
3.19286 -0.62911
3.27187 0.545127
2.8694 1.78116
2.26175 2.56449
1.68232 2.99436
1.16807 3.20392
0.703383 3.26775
0.2835 3.22979
-0.0804902 3.12914
-0.385625 3.00515
-0.630462 2.87967
-0.82717 2.75934
-0.985541 2.65235
0.863332 2.65302
0.965437 2.58208
1.03068 2.52596
1.08698 2.47897
1.08839 2.46411
1.0368 2.4471
0.970822 2.45037
0.89237 2.46624
0.779324 2.49187
0.628699 2.52268
0.438092 2.55226
0.262714 2.56505
-0.00898046 2.57095
-0.325548 2.54511
-0.686208 2.46942
-1.08412 2.31994
-1.5004 2.07053
-2.00623 1.04
-2.22826 0.383438
-2.26062 -0.0649939
-2.21645 -0.457176
-2.12544 -0.783664
-2.01225 -1.04715
-1.89229 -1.25856
-1.805 -1.39001
-1.69684 -1.52805
-1.60307 -1.63504
-1.52831 -1.71423
-1.47731 -1.76735
-1.44225 -1.80802
-1.42933 -1.83522
-1.44371 -1.84399
-1.51095 -1.81341
-1.59574 -1.76697
-1.71752 -1.684
1.71108 -1.72675
1.91258 -1.54481
2.1519 -1.25074
2.39205 -0.78667
2.53864 -0.104656
2.43642 0.742832
2.00596 1.54989
1.38795 2.07936
0.790992 2.32873
0.309769 2.40027
-0.0524387 2.38777
-0.318982 2.34189
-0.513829 2.2879
0.440787 2.28776
0.55014 2.25033
0.620431 2.22106
0.674138 2.19568
0.671043 2.18852
0.640175 2.19095
0.587739 2.2009
0.51658 2.21544
0.410515 2.23428
0.27005 2.25251
0.0956023 2.26422
-0.0628879 2.26267
-0.304795 2.24103
-0.584977 2.18344
-0.903565 2.07131
-1.24905 1.88299
-1.59593 1.60049
-1.99968 1.00379
-2.221 0.2712
-2.22785 -0.209311
-2.15338 -0.609038
-2.03887 -0.923076
-1.91198 -1.164
-1.7859 -1.35023
-1.69743 -1.46084
-1.58967 -1.57834
-1.49821 -1.66646
-1.42521 -1.73049
-1.37491 -1.77193
-1.3384 -1.80139
-1.32247 -1.81512
-1.32848 -1.81459
-1.37904 -1.78121
-1.44328 -1.73554
-1.53751 -1.66018
1.50369 -1.69954
1.66479 -1.55337
1.8616 -1.32699
2.07809 -0.975641
2.26241 -0.440099
2.29084 0.298354
2.021 1.11514
1.48155 1.75878
0.883071 2.11008
0.377079 2.24442
-0.00405643 2.26691
-0.281823 2.24233
-0.481986 2.20281
0.423379 2.2109
0.534731 2.18347
0.6064 2.16208
0.661354 2.14382
0.664321 2.14117
0.64387 2.14653
0.598754 2.1588
0.535843 2.17475
0.441146 2.19542
0.316054 2.21645
0.157097 2.233
0.0146177 2.23812
-0.210177 2.22803
-0.47908 2.18586
-0.799065 2.09008
-1.16374 1.91108
-1.54464 1.61871
1.00152 1.99935
-2.23197 0.137075
-2.20448 -0.37518
-2.09877 -0.771825
-1.96575 -1.06606
-1.83132 -1.28337
-1.70528 -1.44672
-1.6222 -1.53939
-1.52081 -1.63973
-1.43508 -1.71539
-1.36691 -1.77032
-1.31965 -1.80598
-1.29033 -1.82728
-1.27403 -1.83918
-1.2772 -1.83752
-1.32159 -1.80661
-1.37826 -1.76479
-1.46314 -1.69654
1.42326 -1.73203
1.57157 -1.60126
1.75826 -1.39747
1.97547 -1.07449
2.17852 -0.568722
2.24738 0.168376
2.00675 1.02562
1.45476 1.71828
0.826719 2.09038
0.307747 2.22364
-0.0742743 2.24115
-0.344832 2.21394
-0.535683 2.1744
0.481848 2.18604
0.586261 2.15973
0.653005 2.14001
0.703935 2.12345
0.707041 2.12215
0.687993 2.12817
0.653771 2.13881
0.597495 2.15514
0.513042 2.17672
0.401244 2.20002
0.260212 2.22108
0.136137 2.23208
-0.070119 2.2351
-0.324574 2.2125
-0.639785 2.1427
-1.02053 1.98971
-1.44665 1.70519
-1.99962 1.00078
0.952001 2.02329
-2.1651 -0.558893
-2.02463 -0.949169
-1.87476 -1.21873
-1.73686 -1.40832
-1.61569 -1.54584
-1.53989 -1.62137
-1.44677 -1.705
-1.37002 -1.76727
-1.31039 -1.81194
-1.27045 -1.84019
-1.24204 -1.85952
-1.22782 -1.869
-1.23098 -1.86701
-1.27041 -1.84053
-1.3212 -1.80461
-1.39815 -1.74595
1.35822 -1.77759
1.49659 -1.66337
1.67652 -1.48272
1.89832 -1.18701
2.12871 -0.696385
0.73917 -2.11494
1.0056 -2.00217
1.25403 -1.85592
0.714987 2.1217
0.185958 2.23033
-0.182282 2.22998
-0.433867 2.19451
-0.607722 2.15254
0.558149 2.16572
0.651016 2.1395
0.71007 2.12054
0.754818 2.10496
0.758297 2.10367
0.742276 2.10934
0.709958 2.12042
0.663907 2.13527
0.593136 2.156
0.497738 2.17999
0.37499 2.20442
0.268997 2.21984
0.0864244 2.23441
-0.147838 2.23118
-0.453352 2.18964
-0.849998 2.06822
1.04912 1.97468
1.00066 1.99967
0.963027 2.01806
-2.08948 -0.796297
-1.91354 -1.15688
-1.75408 -1.3868
-1.62055 -1.54072
-1.51089 -1.6484
-1.44597 -1.70563
-1.36553 -1.77069
-1.30036 -1.81909
-1.25033 -1.85384
-1.21658 -1.87616
-1.19261 -1.89149
-1.18115 -1.89868
-1.18438 -1.89668
-1.21841 -1.87502
-1.26203 -1.84598
-1.3288 -1.79858
1.29238 -1.82501
1.41594 -1.73103
1.58336 -1.57956
1.80465 -1.32145
0.617955 -2.14994
0.779803 -2.0969
1.00109 -2.00078
1.21047 -1.8813
1.34965 -1.78374
0.0252003 2.23642
-0.31385 2.21425
-0.535374 2.17123
-0.684639 2.12881
0.641616 2.14212
0.719556 2.11718
0.768888 2.09975
0.806556 2.08556
0.810029 2.08421
0.79744 2.08905
0.771044 2.09893
0.733271 2.11242
0.675934 2.13146
0.598632 2.15445
0.49841 2.17982
0.413621 2.19748
0.26175 2.2207
0.0586417 2.2353
-0.220791 2.22514
-0.614726 2.14991
1.03823 1.98042
1.00075 1.99963
0.956732 2.02106
0.92066 2.03774
-1.75594 -1.38444
-1.6025 -1.55948
-1.48508 -1.67168
-1.39389 -1.74845
-1.34247 -1.78824
-1.27797 -1.83488
-1.22669 -1.86955
-1.1872 -1.89487
-1.15942 -1.912
-1.14271 -1.92204
-1.135 -1.9266
-1.13798 -1.92484
-1.16485 -1.90871
-1.19921 -1.88732
-1.2528 -1.85219
1.22244 -1.87239
1.32457 -1.80162
1.4689 -1.68607
1.67616 -1.48029
0.704587 -2.12242
0.827137 -2.07781
1.00023 -2.00027
1.16601 -1.90833
1.2751 -1.83713
-0.178418 2.22907
-0.46743 2.18675
-0.646531 2.14061
-0.764502 2.10135
0.730193 2.1135
0.790467 2.0917
0.828167 2.07706
0.857132 2.06527
0.860212 2.06399
0.85177 2.06748
0.833721 2.07483
0.803638 2.08666
0.759908 2.10298
0.701724 2.12311
0.625978 2.14666
0.563277 2.16396
0.447061 2.19092
0.286809 2.2176
0.0547554 2.2354
1.07862 1.95872
1.04406 1.97736
1.00031 1.99984
0.964065 2.01757
0.940982 2.02844
-1.5502 -1.61149
-1.42396 -1.72405
-1.33402 -1.79454
-1.26705 -1.84244
-1.2308 -1.86685
-1.18525 -1.8961
-1.14958 -1.91793
-1.12244 -1.93394
-1.1047 -1.94413
-1.09268 -1.95091
-1.08755 -1.95378
-1.08933 -1.95278
-1.1078 -1.94237
-1.13163 -1.92858
-1.16947 -1.90588
1.14759 -1.91914
1.22142 -1.87302
1.33038 -1.79728
0.750493 -2.10641
0.795701 -2.08978
0.87961 -2.0559
1.00013 -2.00005
1.11699 -1.9372
1.19428 -1.89049
1.23468 -1.86433
-0.639493 2.1427
-0.765569 2.10094
-0.846871 2.0695
0.823223 2.07902
0.864121 2.06235
0.889434 2.05156
0.908789 2.04306
0.910551 2.04228
0.905026 2.04473
0.892222 2.05035
0.873488 2.0584
0.844569 2.07044
0.805938 2.08578
0.75548 2.10458
0.714261 2.11892
0.635713 2.1438
0.525332 2.17348
0.359541 2.20697
1.05861 1.96961
1.03616 1.98151
1.0001 1.99995
0.974977 2.01232
0.963502 2.01784
-1.29084 -1.82585
-1.21669 -1.87608
-1.16663 -1.90761
-1.13045 -1.92927
-1.11147 -1.94027
-1.08772 -1.95368
-1.06949 -1.96372
-1.05565 -1.97119
-1.04647 -1.97608
-1.04015 -1.97942
-1.03751 -1.9808
-1.03864 -1.98021
-1.0482 -1.97517
-1.06062 -1.96853
-1.0804 -1.95774
1.0688 -1.9641
1.10819 -1.94215
1.16828 -1.90661
0.869491 -2.06011
0.892482 -2.05026
0.936108 -2.03073
1.00002 -2.00003
1.06283 -1.96737
1.10452 -1.94426
1.1262 -1.93177
-0.824202 2.07863
-0.888809 2.05184
-0.930117 2.03344
0.918176 2.03886
0.938715 2.02949
0.951481 2.02353
0.961218 2.01893
0.962302 2.01841
0.959505 2.01974
0.952906 2.02286
0.94345 2.02729
0.929188 2.03387
0.910242 2.04242
0.885437 2.05329
0.865368 2.06183
0.826367 2.07777
0.771115 2.0989
0.68645 2.12809
1.03642 1.98137
1.02511 1.98725
