0.447214 0.894427
0.441589 0.897218
0.441594 0.897215
-0.441604 -0.89721
-0.441611 -0.897206
-0.441609 -0.897207
-0.441601 -0.897212
-0.441574 -0.897225
-0.441563 -0.89723
-0.441563 -0.89723
-0.441559 -0.897232
-0.44157 -0.897227
-0.44159 -0.897217
-0.441608 -0.897208
-0.441624 -0.8972
-0.441632 -0.897196
-0.441659 -0.897183
-0.441678 -0.897174
0.44169 -0.897168
0.44172 -0.897153
0.441805 -0.897111
0.442039 -0.896996
0.442819 -0.896611
0.444486 -0.895786
0.447058 -0.894505
0.449648 -0.893206
0.451369 -0.892337
0.452218 -0.891907
-0.452517 0.891756
-0.452661 0.891683
-0.452741 0.891642
0.452794 0.891615
0.452827 0.891598
0.452851 0.891586
0.452843 0.89159
0.452828 0.891598
0.452805 0.891609
0.452774 0.891625
0.452754 0.891635
0.452747 0.891639
0.452761 0.891632
0.452781 0.891622
0.452788 0.891618
0.452794 0.891615
0.452797 0.891613
0.452806 0.891609
0.452815 0.891604
0.452821 0.891601
0.447168 0.89445
0.447681 0.894193
0.452629 0.891699
-0.295252 -0.955419
-0.333268 -0.942832
-0.358108 -0.93368
-0.37561 -0.926778
-0.384603 -0.923082
-0.395704 -0.918378
-0.404209 -0.914667
-0.410631 -0.911801
-0.414864 -0.909883
-0.417802 -0.908538
-0.419071 -0.907953
-0.418615 -0.908164
-0.414249 -0.910164
-0.408523 -0.912748
-0.399327 -0.916809
0.40475 -0.914427
0.386292 -0.922377
0.357533 -0.933901
0.493807 -0.869572
0.485349 -0.874321
0.470039 -0.882646
0.446757 -0.894655
0.423327 -0.905977
0.407749 -0.913094
0.399079 -0.916916
-0.532443 0.846466
-0.506037 0.862512
-0.48865 0.87248
0.493842 0.869552
0.485084 0.874468
0.479572 0.877502
0.475332 0.879807
0.474855 0.880064
0.47604 0.879424
0.478824 0.877911
0.482893 0.87568
0.489029 0.872268
0.497133 0.867674
0.507594 0.861596
0.515963 0.856611
0.531986 0.846753
0.55421 0.832377
0.58709 0.809522
0.441676 0.897175
0.446642 0.894713
0.447142 0.894463
0.458728 0.888577
0.466856 0.884334
-0.152139 -0.988359
-0.225469 -0.97425
-0.274396 -0.961617
-0.309212 -0.950993
-0.327425 -0.944877
-0.349852 -0.936805
-0.366986 -0.930227
-0.379825 -0.925058
-0.388236 -0.92156
-0.393986 -0.919116
-0.396538 -0.918018
-0.395632 -0.918409
-0.38689 -0.922126
-0.375423 -0.926854
-0.357034 -0.934091
0.367683 -0.929951
0.331136 -0.943583
0.274789 -0.961504
0.542997 -0.839735
0.525549 -0.850764
0.493887 -0.869526
0.44634 -0.894863
0.397833 -0.917458
0.364384 -0.931249
0.345488 -0.938423
-0.604081 0.796923
-0.556016 0.831172
-0.523226 0.852194
0.532952 0.846145
0.516126 0.856512
0.505445 0.862859
0.497194 0.867639
0.496295 0.868154
0.498654 0.866801
0.504006 0.8637
0.511872 0.859062
0.523747 0.851874
0.539345 0.842085
0.559321 0.828951
0.575152 0.818046
0.604524 0.796587
0.643979 0.765044
0.699267 0.71486
0.427181 0.904166
0.435463 0.900206
0.447093 0.894487
0.458945 0.888465
0.474167 0.880435
-0.0149754 -0.999888
-0.1184 -0.992966
-0.189803 -0.981822
-0.241871 -0.970308
-0.269835 -0.962907
-0.303594 -0.952801
-0.329453 -0.944172
-0.348772 -0.937208
-0.361443 -0.932394
-0.370161 -0.928968
-0.37396 -0.927445
-0.372582 -0.927999
-0.359577 -0.933116
-0.342613 -0.939477
-0.315495 -0.948927
0.330846 -0.943685
0.277856 -0.960623
0.197565 -0.98029
0.0688517 -0.997627
0.562747 -0.826629
0.515706 -0.856766
0.445853 -0.895106
0.373692 -0.927553
0.322246 -0.946656
-0.756258 0.654274
-0.665337 0.746543
-0.601525 0.798854
-0.556222 0.831033
0.569647 0.821889
0.545805 0.837912
0.530512 0.847677
0.518579 0.855029
0.517266 0.855825
0.520716 0.85373
0.528643 0.848845
0.540137 0.841577
0.557369 0.830265
0.579869 0.81471
0.608295 0.793711
0.63102 0.775767
0.671443 0.741056
0.723182 0.690657
0.790778 0.612104
0.41962 0.9077
0.435177 0.900345
0.447082 0.894493
0.46893 0.883235
0.275786 -0.961219
0.102894 -0.994692
-0.0203618 -0.999793
-0.109536 -0.993983
-0.176461 -0.984308
-0.213778 -0.976882
-0.257942 -0.96616
-0.292151 -0.956372
-0.317764 -0.94817
-0.334508 -0.942393
-0.346162 -0.938175
-0.351397 -0.936226
-0.349667 -0.936874
-0.332749 -0.943015
-0.310652 -0.950524
-0.275608 -0.96127
0.294769 -0.955568
0.227797 -0.973709
0.128387 -0.991724
-0.0233911 -0.999726
0.595679 -0.803223
0.535815 -0.844336
0.445337 -0.895363
0.350768 -0.936463
0.283154 -0.959075
-0.813133 0.582078
-0.715865 0.698239
-0.641924 0.766768
-0.587272 0.809389
0.603348 0.797478
0.573703 0.819063
0.554402 0.832249
0.539295 0.842117
0.537698 0.843137
0.542365 0.840143
0.552722 0.833365
0.567441 0.823414
0.589475 0.807787
0.617947 0.78622
0.653107 0.757266
0.681444 0.73187
0.729318 0.684175
0.787458 0.616368
0.857341 0.514749
0.934337 0.35639
0.424945 0.905219
0.447155 0.894457
0.473782 0.880642
0.378355 -0.92566
0.203664 -0.979041
0.0688639 -0.997626
-0.0343925 -0.999408
-0.114185 -0.993459
-0.159978 -0.987121
-0.213957 -0.976843
-0.255808 -0.966727
-0.287102 -0.9579
-0.307867 -0.951429
-0.321516 -0.946904
-0.327278 -0.944928
-0.325961 -0.945383
-0.305929 -0.952054
-0.279525 -0.960138
-0.237858 -0.9713
0.259939 -0.965625
0.181863 -0.983324
0.0690758 -0.997611
-0.0956131 -0.995419
-0.330993 -0.943633
0.551491 -0.834181
0.444843 -0.895608
0.332295 -0.943175
-0.952662 0.30403
-0.852881 0.522106
-0.756028 0.654539
-0.677054 0.735934
-0.616092 0.787675
0.633893 0.773421
0.599918 0.800062
0.577547 0.816357
0.560121 0.828411
0.558905 0.829232
0.563903 0.825841
0.575681 0.817675
0.59341 0.8049
0.619481 0.785011
0.652878 0.757463
0.693508 0.720449
0.725997 0.687698
0.778637 0.627475
0.839188 0.543841
0.90525 0.424879
0.967444 0.253085
0.420023 0.907513
0.44736 0.894354
0.646174 -0.76319
0.456678 -0.889632
0.287662 -0.957732
0.147963 -0.988993
0.0353258 -0.999376
-0.0555072 -0.998458
-0.109751 -0.993959
-0.172443 -0.985019
-0.221474 -0.975166
-0.25808 -0.966124
-0.28243 -0.959288
-0.298454 -0.954424
-0.307046 -0.951695
-0.304377 -0.952552
-0.280752 -0.95978
-0.250301 -0.968168
-0.203108 -0.979156
0.226808 -0.973939
0.14058 -0.990069
0.0190393 -0.999819
-0.151632 -0.988437
-0.383268 -0.923637
-0.65876 -0.752353
-0.895827 -0.444403
-0.997527 -0.0702831
-0.968009 0.250916
-0.880782 0.473522
-0.787681 0.616084
-0.707091 0.707122
-0.642482 0.7663
0.660878 0.750493
0.623686 0.781675
0.5986 0.801048
0.578529 0.815662
0.576164 0.817334
0.5835 0.812113
0.597167 0.802117
0.617476 0.78659
0.646902 0.762573
0.684276 0.729223
0.728931 0.684587
0.764967 0.644069
0.820251 0.572004
0.879623 0.475671
0.938562 0.34511
0.98564 0.168861
0.998255 -0.0590572
0.894385 -0.447298
0.687128 -0.726536
0.517097 -0.855927
0.356702 -0.934218
0.216426 -0.976299
0.0975464 -0.995231
-0.00182197 -0.999998
-0.0638095 -0.997962
-0.133403 -0.991062
-0.188515 -0.98207
-0.22971 -0.973259
-0.256853 -0.966451
-0.275717 -0.961239
-0.285273 -0.958446
-0.282913 -0.959146
-0.256809 -0.966462
-0.223053 -0.974806
-0.17146 -0.985191
0.195343 -0.980735
0.103217 -0.994659
-0.0235283 -0.999723
-0.195655 -0.980673
-0.420904 -0.907105
-0.677846 -0.735204
-0.896011 -0.444033
-0.995469 -0.0950861
-0.97737 0.211536
-0.900878 0.434073
-0.813017 0.58224
-0.733058 0.680166
-0.666677 0.745347
0.684578 0.72894
0.645212 0.764003
0.618171 0.786044
0.596558 0.80257
0.594565 0.804047
0.602649 0.798007
0.618386 0.785875
0.6403 0.768125
0.672205 0.740365
0.712452 0.701721
0.759593 0.650398
0.798263 0.60231
0.854171 0.519993
0.910535 0.413433
0.961227 0.275758
0.994973 0.100148
0.993494 -0.113885
0.894421 -0.447227
0.72046 -0.693497
0.567862 -0.823124
0.415929 -0.909397
0.276494 -0.961016
0.153615 -0.988131
0.0474113 -0.998875
-0.0220721 -0.999756
-0.0977659 -0.995209
-0.157584 -0.987506
-0.202509 -0.97928
-0.232658 -0.972559
-0.252306 -0.967648
-0.263482 -0.964664
-0.261449 -0.965217
-0.233647 -0.972322
-0.197424 -0.980318
-0.142705 -0.989765
0.165359 -0.986233
0.0695009 -0.997582
-0.0604204 -0.998173
-0.23269 -0.972551
-0.450454 -0.8928
-0.691787 -0.722102
-0.896164 -0.443724
-0.993544 -0.113448
-0.983679 0.17993
-0.9165 0.400035
-0.833792 0.552079
-0.75552 0.655126
-0.688972 0.724788
0.705417 0.708793
0.664933 0.746903
0.636707 0.771106
0.614279 0.789089
0.612653 0.790352
0.621908 0.78309
0.637825 0.770181
0.661492 0.749952
0.695179 0.718836
0.737263 0.675606
0.786135 0.618055
0.826831 0.562451
0.882062 0.471133
0.934325 0.356423
0.976914 0.213635
0.9992 0.0399934
0.987091 -0.160163
0.894516 -0.447036
0.73909 -0.673607
0.601634 -0.798772
0.460009 -0.887914
0.324756 -0.945798
0.200787 -0.979635
0.0900673 -0.995936
0.0150747 -0.999886
-0.0651461 -0.997876
-0.129261 -0.991611
-0.177655 -0.984093
-0.209798 -0.977745
-0.231442 -0.972849
-0.243 -0.970026
-0.240607 -0.970623
-0.211225 -0.977437
-0.173006 -0.984921
-0.115849 -0.993267
0.135019 -0.990843
0.0363246 -0.99934
-0.0918324 -0.995774
-0.255652 -0.966769
-0.466816 -0.884354
-0.699921 -0.71422
-0.896347 -0.443353
-0.992293 -0.12391
-0.986719 0.162439
-0.925525 0.378688
-0.850589 0.525831
-0.776727 0.629837
-0.71079 0.703404
0.724292 0.689494
0.683246 0.730188
0.654252 0.756276
0.631134 0.775673
0.629285 0.777174
0.638669 0.769481
0.65583 0.754909
0.680418 0.732824
0.71552 0.698592
0.758972 0.651123
0.808562 0.588411
0.850102 0.526617
0.903564 0.428452
0.951097 0.308892
0.986173 0.16572
0.999999 -0.00136341
0.982422 -0.186674
0.894602 -0.446864
0.762328 -0.647191
0.634292 -0.773094
0.49902 -0.86659
0.365601 -0.930772
0.24087 -0.970557
0.126531 -0.991963
0.0471618 -0.998887
-0.0355688 -0.999367
-0.103205 -0.99466
-0.154053 -0.988063
-0.187304 -0.982302
-0.211083 -0.977468
-0.221584 -0.975141
-0.219654 -0.975578
-0.188888 -0.981999
-0.148255 -0.988949
-0.0865455 -0.996248
0.0924062 -0.995721
-0.0320995 -0.999485
0.0735346 -0.997293
-0.165417 -0.986224
-0.435979 -0.899957
-0.694256 -0.719729
-0.897253 -0.441517
-0.993495 -0.113879
-0.980189 0.198063
-0.886197 0.463309
0.840511 0.541795
-0.817822 0.575471
-0.740206 0.67238
0.744248 0.667903
0.701336 0.712831
0.67134 0.741149
0.647719 0.761879
0.6463 0.763083
0.654672 0.755913
0.67318 0.739479
0.698002 0.716096
0.733781 0.679386
0.777915 0.628369
0.82696 0.562261
0.868798 0.495166
0.920336 0.391129
0.96356 0.267491
0.992519 0.122092
0.999098 -0.0424624
0.975347 -0.220676
0.894789 -0.44649
0.773658 -0.633603
0.656556 -0.754277
0.528513 -0.848925
0.398978 -0.916961
0.273804 -0.961785
0.157837 -0.987465
0.0740366 -0.997256
-0.0105716 -0.999944
-0.0794572 -0.996838
-0.131475 -0.991319
-0.166196 -0.986093
-0.191201 -0.981551
-0.204063 -0.978958
-0.200066 -0.979782
-0.168128 -0.985765
-0.12666 -0.991946
-0.0661978 -0.997807
0.0752625 -0.997164
-0.0190757 -0.999818
-0.109205 -0.994019
-0.254763 -0.967004
-0.469703 -0.882824
-0.705468 -0.708742
-0.899074 -0.437796
-0.99269 -0.120689
-0.985913 0.167262
-0.923179 0.38437
-0.858029 0.513602
-0.809357 0.587317
-0.751174 0.660104
0.757546 0.652782
0.716712 0.697369
0.686936 0.726718
0.663017 0.748604
0.660054 0.751218
0.67007 0.742298
0.688973 0.724787
0.714191 0.699951
0.749866 0.661589
0.793521 0.608543
0.841864 0.53969
0.883914 0.467649
0.932972 0.359949
0.972455 0.233089
0.996068 0.0885912
0.997489 -0.0708146
0.971479 -0.237126
0.896137 -0.443778
0.783709 -0.621128
0.672496 -0.740101
0.550416 -0.83489
0.424441 -0.905455
0.300449 -0.953798
0.183263 -0.983064
0.0957015 -0.99541
0.0111172 -0.999938
-0.0574563 -0.998348
-0.109945 -0.993938
-0.145436 -0.989368
-0.171108 -0.985252
-0.183894 -0.982946
-0.179687 -0.983724
-0.147309 -0.98909
-0.105122 -0.994459
-0.0450289 -0.998986
0.0496225 -0.998768
-0.0450823 -0.998983
-0.1617 -0.98684
-0.31901 -0.947751
-0.521182 -0.853445
-0.738186 -0.674598
-0.910271 -0.414013
-0.992706 -0.120558
-0.989642 0.143558
-0.939128 0.343568
-0.877405 0.479751
-0.819945 0.572442
-0.765478 0.643462
0.770392 0.63757
0.731806 0.681513
0.702786 0.711402
0.679259 0.733899
0.676077 0.736831
0.685497 0.728075
0.704119 0.710082
0.728958 0.684558
0.76376 0.645501
0.805936 0.592003
0.852589 0.522583
0.894502 0.447064
0.941449 0.337156
0.97773 0.209867
0.997736 0.067252
0.996209 -0.0869915
0.969019 -0.246987
0.910358 -0.413822
0.815695 -0.578482
0.714158 -0.699985
0.597307 -0.802013
0.473173 -0.880969
0.348428 -0.937335
0.228024 -0.973656
0.134662 -0.990892
0.0476823 -0.998863
-0.0239827 -0.999712
-0.0788601 -0.996886
-0.115811 -0.993271
-0.142867 -0.989742
-0.156358 -0.9877
-0.151063 -0.988524
-0.116535 -0.993187
-0.0699133 -0.997553
-0.00348885 -0.999994
-0.00914141 -0.999958
-0.121681 -0.992569
-0.267485 -0.963562
-0.447619 -0.894224
-0.652098 -0.758134
-0.839926 -0.542701
-0.958937 -0.283618
-0.999571 -0.029277
-0.982947 0.183889
-0.938335 0.345727
-0.885971 0.463741
-0.834098 0.551617
-0.786368 0.617758
0.79033 0.612681
0.755961 0.654616
0.72896 0.684556
0.706169 0.708043
0.701348 0.712819
0.70821 0.706001
0.723966 0.689835
0.745778 0.666194
0.777011 0.629487
0.815439 0.578842
0.858172 0.513363
0.897753 0.440499
0.942461 0.334317
0.977485 0.211006
0.997412 0.0719018
0.996849 -0.0793203
0.971686 -0.236276
0.999863 0.0165707
0.993092 -0.117339
0.973216 -0.229894
0.940608 -0.339494
0.892814 -0.450426
0.830404 -0.557162
0.749859 -0.661598
0.660811 -0.750553
0.552517 -0.833502
0.443495 -0.896277
0.339046 -0.94077
0.262093 -0.965043
0.175641 -0.984454
0.129372 -0.991596
0.143804 -0.989606
0.239821 -0.970817
0.414272 -0.910153
0.629757 -0.776792
-0.767501 -0.641048
-0.912047 -0.410086
-0.974872 -0.222766
-0.997086 -0.0762912
-0.998432 0.0559808
-0.98834 0.152262
-0.971726 0.236112
-0.95026 0.311458
-0.925647 0.378388
-0.90027 0.435332
-0.874038 0.485858
-0.848116 0.529811
-0.823077 0.56793
0.835611 0.549322
0.81494 0.579545
0.797213 0.603698
0.779865 0.625948
0.773091 0.634295
0.771698 0.63599
0.776125 0.630579
0.784497 0.620133
0.798589 0.601877
0.817723 0.575611
0.841078 0.540914
0.859542 0.511065
0.88899 0.457926
0.918817 0.394684
0.946678 0.322182
0.970442 0.241334
0.987667 0.15657
0.686776 0.726869
0.69212 0.721783
0.660456 0.750865
0.622158 0.782892
0.57779 0.816186
0.528596 0.848873
0.477188 0.878801
0.41315 0.910663
0.381803 0.924244
0.352622 0.935766
0.327949 0.944695
0.307907 0.951416
0.282967 0.95913
0.25919 0.965826
0.243292 0.969953
0.227321 0.97382
0.223699 0.974658
0.227166 0.973856
-0.292019 0.956412
-0.325885 0.945409
-0.379241 0.925298
-0.456404 0.889773
-0.54967 0.835382
-0.64502 0.764165
-0.728455 0.685093
-0.788807 0.614641
-0.826315 0.563208
-0.848047 0.529922
-0.858934 0.512086
-0.861988 0.506929
-0.860359 0.509688
0.88096 0.473191
0.874286 0.485411
0.867267 0.497843
0.856905 0.515475
0.849614 0.527405
0.840946 0.54112
0.833027 0.553232
0.827784 0.561047
0.821877 0.569665
0.815265 0.579088
0.808625 0.588324
0.784446 0.620197
0.766389 0.642377
0.74673 0.665128
0.725551 0.688169
0.70309 0.711101
0.678402 0.734691
0.606461 0.795113
0.603351 0.797476
0.566581 0.824006
0.526247 0.850332
0.484824 0.874612
0.443781 0.896135
0.401919 0.915675
0.348633 0.937259
0.323469 0.946239
0.300298 0.953845
0.280033 0.95999
0.263695 0.964606
0.244064 0.969759
0.223388 0.97473
0.207101 0.97832
0.188923 0.981992
0.179239 0.983805
0.174293 0.984694
-0.218174 0.97591
-0.234345 0.972153
-0.269629 0.962964
-0.326841 0.945079
-0.411151 0.911567
-0.518053 0.855348
-0.629983 0.776609
-0.725905 0.687795
-0.794711 0.606988
-0.837573 0.546326
-0.861961 0.506975
-0.874914 0.484278
-0.879585 0.475742
0.898165 0.439659
0.894795 0.446478
0.889762 0.456424
0.880957 0.473197
0.873061 0.48761
0.862817 0.505516
0.852707 0.52239
0.843968 0.536394
0.832929 0.55338
0.819894 0.572515
0.805302 0.592865
0.771838 0.635819
0.743343 0.668911
0.712969 0.701196
0.679658 0.733529
0.644333 0.764745
0.609425 0.792843
0.600591 0.799556
0.591541 0.806275
0.551863 0.833935
0.511418 0.859332
0.470287 0.882514
0.428889 0.903357
0.386758 0.922181
0.335672 0.941979
0.307822 0.951444
0.282912 0.959146
0.261314 0.965254
0.243441 0.969916
0.225762 0.974182
0.204227 0.978924
0.187613 0.982243
0.170811 0.985304
0.161476 0.986877
0.156534 0.987672
-0.189592 0.981863
-0.203595 0.979055
-0.235354 0.97191
-0.290818 0.956778
-0.374207 0.927345
-0.485558 0.874204
-0.609875 0.792497
-0.719142 0.694864
-0.796206 0.605025
-0.843719 0.536785
-0.871091 0.491122
-0.885253 0.465109
-0.890986 0.454031
0.90528 0.424816
0.902904 0.429842
0.898694 0.438576
0.891055 0.453896
0.883245 0.468912
0.872641 0.488362
0.863484 0.504377
0.853759 0.520668
0.841583 0.540128
0.827034 0.562152
0.810241 0.586097
0.777494 0.62889
0.747953 0.663751
0.716515 0.697571
0.682823 0.730584
0.647155 0.762359
0.609514 0.792775
0.600103 0.799922
0.57684 0.816857
0.537344 0.843363
0.498268 0.867023
0.457945 0.888981
0.416316 0.90922
0.373827 0.927498
0.324755 0.945798
0.294507 0.955649
0.26785 0.963461
0.244914 0.969545
0.226343 0.974048
0.205949 0.978563
0.185491 0.982646
0.170049 0.985436
0.156077 0.987745
0.148804 0.988867
0.145794 0.989315
-0.169978 0.985448
-0.184906 0.982756
-0.216689 0.976241
-0.272901 0.962042
-0.359615 0.933101
-0.475672 0.879623
-0.605853 0.795577
-0.720523 0.693431
-0.801213 0.59838
-0.850834 0.525434
-0.87871 0.477356
-0.893045 0.449967
-0.899378 0.437171
0.909618 0.415446
0.908268 0.41839
0.905151 0.425091
0.899064 0.437816
0.892109 0.451821
0.882459 0.47039
0.872315 0.488944
0.862601 0.505884
0.85005 0.526701
0.834763 0.55061
0.81682 0.576892
0.785862 0.618401
0.75649 0.654006
0.725393 0.688335
0.693022 0.720917
0.659393 0.751799
0.622911 0.782293
0.600097 0.799927
0.567055 0.82368
0.527231 0.849722
0.486754 0.873539
0.445096 0.895483
0.402183 0.915559
0.358693 0.933456
0.312117 0.950044
0.280022 0.959994
0.250733 0.968056
0.225535 0.974235
0.206205 0.978509
0.186013 0.982547
0.166976 0.985961
0.15312 0.988208
0.14279 0.989753
0.138385 0.990379
0.138447 0.99037
-0.154186 0.988042
-0.171448 0.985193
-0.204865 0.97879
-0.261503 0.965203
-0.350412 0.936596
-0.471407 0.881916
-0.60482 0.796362
-0.722193 0.691692
-0.805821 0.592159
-0.856147 0.516732
-0.883885 0.467705
-0.898777 0.438406
-0.90604 0.423192
0.912537 0.408994
0.912525 0.40902
0.910709 0.413049
0.906387 0.422449
0.900414 0.435033
0.891845 0.452341
0.882265 0.470753
0.872588 0.488457
0.859437 0.511241
0.843299 0.537445
0.824593 0.565726
0.795635 0.605777
0.766205 0.642596
0.734896 0.67818
0.702225 0.711955
0.66814 0.744035
0.632106 0.774882
0.600151 0.799886
0.558692 0.829375
0.516747 0.856138
0.473433 0.88083
0.429831 0.90291
0.386349 0.922353
0.342457 0.939534
0.29756 0.954703
0.262781 0.964855
0.231293 0.972884
0.204413 0.978885
0.18472 0.982791
0.16535 0.986235
0.147811 0.989016
0.135836 0.990731
0.129858 0.991533
0.129082 0.991634
0.133165 0.991094
-0.141535 0.989933
-0.161242 0.986915
-0.196328 0.980538
-0.253616 0.967305
-0.344219 0.938889
-0.467747 0.883863
-0.604319 0.796743
-0.724189 0.689602
-0.809027 0.587772
-0.859838 0.510568
-0.887594 0.460626
-0.903046 0.429543
-0.911231 0.411897
0.914594 0.404373
0.916232 0.400649
0.915936 0.401324
0.913543 0.406743
0.908612 0.417641
0.901098 0.433616
0.892369 0.451306
0.88298 0.469411
0.869583 0.493786
0.852916 0.522048
0.833195 0.552979
0.805834 0.592141
0.776947 0.629566
0.746131 0.665799
0.712857 0.70131
0.677225 0.735776
0.639987 0.768386
0.600233 0.799825
0.551042 0.834478
0.50545 0.862856
0.45973 0.888059
0.413779 0.910377
0.367698 0.929945
0.322093 0.946708
0.279675 0.960095
0.243095 0.970003
0.209956 0.977711
0.182387 0.983227
0.162041 0.986784
0.142903 0.989737
0.127505 0.991838
0.118322 0.992975
0.117179 0.993111
0.120434 0.992721
0.128892 0.991659
-0.1307 0.991422
-0.153862 0.988092
-0.191202 0.981551
-0.249945 0.96826
-0.338929 0.940812
-0.461018 0.887391
-0.603895 0.797064
-0.728632 0.684905
-0.811724 0.584041
-0.861373 0.507974
-0.889728 0.456491
-0.906063 0.423143
-0.915566 0.402168
0.916237 0.400636
0.919608 0.392836
0.920908 0.38978
0.920496 0.390752
0.916899 0.39912
0.910672 0.413129
0.902617 0.430445
0.893469 0.449125
0.880322 0.474377
0.86344 0.504451
0.843375 0.537326
0.818363 0.574702
0.789416 0.613859
0.757772 0.652519
0.723623 0.690195
0.68686 0.72679
0.647144 0.762368
0.600291 0.799781
0.542013 0.84037
0.493268 0.869877
0.443994 0.89603
0.395174 0.918606
0.347156 0.937807
0.30034 0.953832
0.260272 0.965535
0.221303 0.975205
0.186528 0.98245
0.157996 0.98744
0.137389 0.990517
0.118931 0.992902
0.106678 0.994294
0.100323 0.994955
0.104117 0.994565
0.111763 0.993735
0.125147 0.992138
-0.12096 0.992657
-0.148129 0.988968
-0.188137 0.982143
-0.247824 0.968805
-0.336373 0.941729
-0.459667 0.888091
-0.60347 0.797386
-0.728966 0.684549
-0.812762 0.582596
-0.862122 0.5067
-0.89093 0.454142
-0.908368 0.418173
-0.919381 0.393367
0.917672 0.397338
0.922938 0.384949
0.925882 0.377814
0.927335 0.374231
0.924952 0.380083
0.920231 0.391375
0.912848 0.4083
0.904163 0.427187
0.891354 0.453308
0.874484 0.485055
0.854043 0.520203
0.831374 0.555713
0.802819 0.596223
0.77096 0.636884
0.735687 0.677322
0.696933 0.717136
0.655309 0.755361
0.60011 0.799918
0.533093 0.846057
0.48086 0.876797
0.427552 0.903991
0.375436 0.926848
0.324944 0.945733
0.276204 0.961099
0.237517 0.971383
0.196869 0.98043
0.161228 0.986917
0.132275 0.991213
0.111923 0.993717
0.09539 0.99544
0.0846121 0.996414
0.0809668 0.996717
0.0901589 0.995927
0.102574 0.994725
0.121241 0.992623
-0.111644 0.993748
-0.143467 0.989655
-0.187293 0.982304
-0.248573 0.968613
-0.336564 0.941661
-0.459666 0.888092
-0.603037 0.797714
-0.728259 0.685302
-0.812135 0.58347
-0.861422 0.507891
-0.891144 0.453721
-0.910224 0.414117
-0.922963 0.384888
0.919176 0.393847
0.926412 0.376512
0.931047 0.364899
0.934391 0.35625
0.933101 0.359614
0.929179 0.36963
0.922933 0.38496
0.914846 0.403803
0.902596 0.430488
0.88629 0.463131
0.86607 0.499922
0.845201 0.534449
0.816799 0.576923
0.78459 0.620015
0.748133 0.663549
0.707179 0.707034
0.663106 0.748526
0.600121 0.799909
0.529198 0.848498
0.47005 0.88264
0.411053 0.911611
0.353848 0.935303
0.299733 0.954023
0.249163 0.968462
0.212306 0.977203
0.170165 0.985416
0.13399 0.990983
0.104786 0.994495
0.0846273 0.996413
0.0697873 0.997562
0.0617582 0.998091
0.0616063 0.998101
0.0759082 0.997115
0.0929361 0.995672
0.116856 0.993149
-0.102398 0.994744
-0.139455 0.990228
-0.187771 0.982213
-0.251589 0.967834
-0.339693 0.940537
-0.460539 0.88764
-0.602595 0.798047
-0.726879 0.686766
-0.809734 0.586798
-0.859577 0.511006
-0.890782 0.454431
-0.911812 0.410609
-0.926448 0.376422
0.92086 0.389893
0.929975 0.367624
0.936132 0.351648
0.941091 0.338154
0.941051 0.338265
0.938313 0.345787
0.933105 0.359603
0.925609 0.378481
0.914003 0.405708
0.898471 0.439032
0.878686 0.4774
0.859874 0.510506
0.831878 0.554959
0.798821 0.601569
0.760137 0.649763
0.715876 0.698227
0.666594 0.745421
0.600128 0.799904
0.519621 0.854397
0.453937 0.891034
0.389866 0.920872
0.328418 0.944533
0.270794 0.962637
0.218133 0.975919
0.183718 0.982979
0.140753 0.990045
0.104689 0.994505
0.0762342 0.99709
0.0567344 0.998389
0.0441221 0.999026
0.0387136 0.99925
0.0414487 0.999141
0.0606728 0.998158
0.0823095 0.996607
0.111451 0.99377
-0.092633 0.9957
-0.135191 0.99082
-0.188032 0.982163
-0.255322 0.966856
-0.344764 0.938689
-0.463268 0.886218
-0.602144 0.798388
-0.724072 0.689724
-0.806138 0.591727
-0.85737 0.514701
-0.89054 0.454906
-0.913504 0.40683
-0.930051 0.367429
0.922925 0.384981
0.933804 0.357786
0.941356 0.337415
0.947691 0.319189
0.948572 0.316562
0.94683 0.321735
0.942703 0.333633
0.936007 0.351982
0.925559 0.378604
0.911143 0.41209
0.892226 0.451589
0.875743 0.482778
0.848283 0.529542
0.814831 0.579698
0.774979 0.631987
0.728459 0.685089
0.674951 0.737862
0.600114 0.799914
0.507017 0.861936
0.435367 0.900253
0.36585 0.930674
0.299913 0.953967
0.239336 0.970937
0.185116 0.982717
0.1532 0.988195
0.110078 0.993923
0.0745389 0.997218
0.0471639 0.998887
0.0290835 0.999577
0.0186975 0.999825
0.0149884 0.999888
0.0209261 0.999781
0.0447733 0.998997
0.0706369 0.997502
0.104707 0.994503
-0.0819275 0.996638
-0.13007 0.991505
-0.188455 0.982082
-0.259927 0.965628
-0.350133 0.9367
-0.467149 0.884178
-0.601694 0.798727
-0.72037 0.69359
-0.802346 0.596859
-0.85472 0.519089
-0.890254 0.455465
-0.915543 0.40222
-0.93391 0.357508
0.925476 0.378807
0.937884 0.346948
0.946557 0.322536
0.953988 0.299845
0.955768 0.294121
0.954678 0.29764
0.95154 0.307526
0.945813 0.324711
0.936532 0.350582
0.923379 0.383889
0.905758 0.423795
0.891547 0.452929
0.865083 0.501628
0.831869 0.554972
0.791091 0.611699
0.742474 0.669875
0.685687 0.727897
0.600079 0.799941
0.492986 0.870037
0.41447 0.910063
0.339101 0.94075
0.268924 0.963162
0.205477 0.978662
0.149884 0.988704
0.120373 0.992729
0.0774665 0.996995
0.0430274 0.999074
0.0172284 0.999852
0.000733727 1
-0.00807781 0.999967
-0.00749831 0.999972
0.000675808 1
0.0282096 0.999602
0.0576841 0.998335
0.0961616 0.995366
-0.0697833 0.997562
-0.123579 0.992335
-0.187848 0.982198
-0.264102 0.964495
-0.357126 0.934056
-0.472277 0.88145
-0.601266 0.799049
-0.71571 0.698397
-0.797539 0.603268
-0.852319 0.523023
-0.890473 0.455037
-0.918126 0.396289
-0.938179 0.34615
0.928685 0.370869
0.942305 0.334756
0.951774 0.306801
0.959866 0.280458
0.962133 0.272582
0.96229 0.272025
0.959846 0.280529
0.955068 0.296388
0.947089 0.32097
0.935444 0.353474
0.919307 0.39354
0.907174 0.420755
0.88198 0.471286
0.849349 0.527832
0.808199 0.588909
0.757661 0.652649
0.697306 0.716774
0.600008 0.799994
0.473259 0.880924
0.389777 0.920909
0.30946 0.950913
0.235435 0.97189
0.169664 0.985502
0.113188 0.993574
0.0859467 0.9963
0.0437348 0.999043
0.0108103 0.999942
-0.0131894 0.999913
-0.0282446 0.999601
-0.0343182 0.999411
-0.0320388 0.999487
-0.0211519 0.999776
0.00991447 0.999951
0.042652 0.99909
0.0850893 0.996373
-0.0556193 0.998452
-0.114762 0.993393
-0.185011 0.982736
-0.267322 0.963607
-0.363888 0.931443
-0.476904 0.878955
-0.600873 0.799344
-0.711472 0.702715
-0.792878 0.60938
-0.850459 0.526041
-0.891736 0.452557
-0.921585 0.388176
-0.942982 0.332844
0.932735 0.360564
0.94722 0.320585
0.957211 0.289392
0.96574 0.25951
0.968513 0.248961
0.969085 0.246729
0.967562 0.252635
0.963634 0.267225
0.956928 0.290325
0.946841 0.321703
0.932381 0.361478
0.92214 0.386857
0.898585 0.438799
0.867108 0.49812
0.826246 0.563309
0.774955 0.632016
0.713191 0.700969
0.6 0.8
0.464137 0.885763
0.370345 0.928894
0.281974 0.959422
0.202438 0.979295
0.133573 0.991039
0.0759378 0.997113
0.0505884 0.99872
0.00932682 0.999957
-0.0218029 0.999762
-0.0434528 0.999055
-0.056005 0.99843
-0.060084 0.998193
-0.0558104 0.998441
-0.0429804 0.999076
-0.00945165 0.999955
0.0257081 0.999669
0.0713114 0.997454
-0.0391712 0.999233
-0.103119 0.994669
-0.179261 0.983802
-0.267819 0.963469
-0.368889 0.929474
-0.482137 0.876096
-0.600521 0.799609
-0.706786 0.707428
-0.789364 0.613926
-0.850099 0.526623
-0.894332 0.447405
-0.926051 0.377398
-0.948323 0.317305
0.937617 0.34767
0.952508 0.304513
0.962625 0.270836
0.971168 0.238395
0.974153 0.225889
0.975115 0.2217
0.974203 0.225676
0.971277 0.23795
0.965884 0.258977
0.957345 0.288946
0.9446 0.328223
0.935963 0.3521
0.913995 0.405726
0.883439 0.468546
0.842091 0.539336
0.788041 0.615623
0.720374 0.693585
0.599938 0.800047
0.437377 0.899278
0.335178 0.942155
0.240492 0.970651
0.157424 0.987531
0.0876311 0.996153
0.0310103 0.999519
0.00897921 0.99996
-0.0296767 0.99956
-0.0576086 0.998339
-0.0760145 0.997107
-0.0861445 0.996283
-0.0875884 0.996157
-0.0813356 0.996687
-0.0663998 0.997793
-0.0308502 0.999524
0.00621055 0.999981
0.0542053 0.99853
-0.0199414 0.999801
-0.0878249 0.996136
-0.169352 0.985556
-0.264321 0.964435
-0.371077 0.928602
-0.485415 0.874284
-0.600877 0.799342
-0.703691 0.710506
-0.78772 0.616033
-0.851932 0.523653
-0.898761 0.438439
-0.931727 0.363159
-0.954244 0.299028
0.94343 0.33157
0.958259 0.285901
0.968197 0.25019
0.976489 0.215569
0.97961 0.200909
0.980854 0.194745
0.980573 0.196157
0.978519 0.206155
0.974545 0.224193
0.967894 0.251358
0.957447 0.288611
0.95085 0.309652
0.931753 0.363092
0.903922 0.427698
0.864442 0.502732
0.810552 0.585666
0.74074 0.671792
0.599893 0.80008
0.412353 0.911024
0.297382 0.954758
0.194526 0.980897
0.107693 0.994184
0.0375046 0.999296
-0.0170678 0.999854
-0.0350845 0.999384
-0.0702222 0.997531
-0.0942722 0.995546
-0.108893 0.994053
-0.116075 0.99324
-0.114729 0.993397
-0.105109 0.994461
-0.0889837 0.996033
-0.0526854 0.998611
-0.0148956 0.999889
0.0341072 0.999418
0.00195636 0.999998
-0.0683791 0.997659
-0.154089 0.988057
-0.255083 0.966919
-0.368187 0.929752
-0.486017 0.87395
-0.599916 0.800063
-0.702814 0.711374
-0.789455 0.613808
-0.856835 0.51559
-0.905408 0.424542
-0.93862 0.344953
-0.960554 0.278093
0.949899 0.312558
0.964069 0.265652
0.973422 0.229017
0.981111 0.193447
0.984118 0.177518
0.985793 0.167966
0.986025 0.166597
0.984793 0.17373
0.98214 0.18815
0.977308 0.211822
0.969232 0.246148
0.96463 0.263606
0.948793 0.315898
0.924207 0.381892
0.887108 0.461563
0.833177 0.553006
0.758959 0.651138
0.599876 0.800093
0.388068 0.921631
0.256695 0.966492
0.144233 0.989544
0.0539347 0.998544
-0.0155959 0.999878
-0.067028 0.997751
-0.0804113 0.996762
-0.11102 0.993818
-0.130664 0.991427
-0.141396 0.989953
-0.14565 0.989336
-0.141602 0.989924
-0.130477 0.991451
-0.112903 0.993606
-0.0764709 0.997072
-0.038718 0.99925
0.010097 0.999949
0.0271406 0.999632
-0.0438815 0.999037
-0.132182 0.991225
-0.238095 0.971242
-0.357773 0.933809
-0.481514 0.876438
-0.599677 0.800242
-0.706117 0.708095
-0.796097 0.605169
-0.865674 0.500608
-0.914556 0.404459
-0.946787 0.32186
-0.967245 0.253846
0.957121 0.289688
0.970118 0.242636
0.978597 0.205785
0.985472 0.169836
0.988327 0.152349
0.989978 0.14122
0.990551 0.137142
0.989949 0.141427
0.988359 0.152141
0.985149 0.171703
0.979399 0.201936
0.976601 0.215058
0.96422 0.265102
0.94344 0.331544
0.909477 0.415754
0.855813 0.517285
0.775915 0.630838
0.599861 0.800104
0.350495 0.936565
0.203097 0.979159
0.0831506 0.996537
-0.00778316 0.99997
-0.0737092 0.99728
-0.119628 0.992819
-0.127441 0.991846
-0.152355 0.988326
-0.16664 0.986018
-0.17296 0.984929
-0.174181 0.984714
-0.167758 0.985828
-0.155012 0.987913
-0.136618 0.990624
-0.101204 0.994866
-0.0648556 0.997895
-0.0178688 0.99984
0.0556931 0.998448
-0.0135047 0.999909
-0.101682 0.994817
-0.210931 0.977501
-0.33762 0.941283
-0.471162 0.882047
-0.599464 0.800402
-0.714091 0.700053
-0.808754 0.588147
-0.879219 0.476417
-0.926514 0.376261
-0.956115 0.292992
-0.974094 0.226146
0.964836 0.262851
0.976126 0.217206
0.983397 0.181469
0.989242 0.146286
0.991791 0.12787
0.993359 0.115057
0.994085 0.108609
0.993946 0.109869
0.993226 0.116199
0.991443 0.130538
0.987849 0.155417
0.986603 0.163139
0.978011 0.208554
0.962103 0.272687
0.933303 0.359089
0.882982 0.469407
0.800761 0.598984
0.599783 0.800162
0.299074 0.95423
0.134201 0.990954
0.00969278 0.999953
-0.0780777 0.996947
-0.1372 0.990543
-0.175026 0.984564
-0.176237 0.984348
-0.194307 0.980941
-0.20253 0.979276
-0.204135 0.978943
-0.202053 0.979375
-0.192897 0.981219
-0.180083 0.983651
-0.161001 0.986954
-0.127252 0.99187
-0.0933667 0.995632
-0.0499749 0.99875
0.0879081 0.996129
0.0235292 0.999723
-0.0610159 0.998137
-0.169839 0.985472
-0.302981 0.952997
-0.451303 0.892371
-0.599274 0.800544
-0.729296 0.684198
-0.829556 0.558424
-0.898311 0.439361
-0.941056 0.33825
-0.966289 0.257461
-0.980875 0.194638
0.972763 0.2318
0.98192 0.189295
0.987798 0.155739
0.992531 0.121992
0.994705 0.102774
0.99596 0.0898034
0.996755 0.0804943
0.996924 0.0783694
0.9968 0.0799357
0.996105 0.08817
0.994323 0.106406
0.994199 0.107557
0.989342 0.14561
0.978917 0.204257
0.957193 0.289451
0.913627 0.406553
0.832069 0.554672
-0.800249 0.599668
-0.783912 0.620872
0.0429642 0.999077
-0.0805993 0.996747
-0.159264 0.987236
-0.2071 0.97832
-0.233719 0.972304
-0.226533 0.974003
-0.236119 0.971724
-0.237725 0.971333
-0.234642 0.972082
-0.229488 0.973311
-0.217822 0.975988
-0.201432 0.979503
-0.183794 0.982965
-0.153483 0.988151
-0.123648 0.992326
-0.0860265 0.996293
0.123511 0.992343
0.0677965 0.997699
-0.00823895 0.999966
-0.111602 0.993753
-0.248591 0.968609
-0.740196 -0.672391
-0.800664 -0.599113
-0.853717 -0.520737
-0.85967 0.51085
-0.922517 0.385957
-0.957564 0.288221
-0.976725 0.214495
-0.987198 0.159498
0.98048 0.196617
0.987207 0.159443
0.991553 0.129699
0.995066 0.0992198
0.996683 0.0813819
0.997904 0.0647121
0.998608 0.0527394
0.998885 0.047207
0.99903 0.0440257
0.998954 0.0457186
0.998468 0.0553393
0.998866 0.0476177
0.997192 0.0748845
0.992353 0.123436
0.979429 0.201789
0.946986 0.321274
-0.815907 0.578183
-0.800232 0.59969
-0.779917 0.625883
-0.0676835 0.997707
-0.18365 0.982992
-0.247369 0.968921
-0.280602 0.959824
-0.294069 0.955784
-0.277758 0.960651
-0.278387 0.960469
-0.273032 0.962005
-0.264262 0.964451
-0.255374 0.966842
-0.241643 0.970365
-0.224546 0.974464
-0.207112 0.978317
-0.180871 0.983507
-0.156173 0.98773
-0.126318 0.99199
0.162955 0.986634
0.119822 0.992795
0.0588109 0.998269
-0.0311477 0.999515
-0.667497 -0.744613
-0.729695 -0.683772
-0.800761 -0.598984
-0.861836 -0.507188
-0.902338 -0.431029
-0.950561 0.310537
-0.974699 0.22352
-0.986579 0.163287
-0.992757 0.120138
0.987622 0.156853
0.991893 0.127077
0.994756 0.102277
0.997129 0.0757222
0.998318 0.0579754
0.999182 0.040439
0.999656 0.0262455
0.999856 0.0169874
0.99997 0.00780386
0.999998 0.00181796
0.999998 0.00216234
0.999887 -0.0150484
1 -0.000946939
0.999433 0.0336687
0.995086 0.0990157
0.976673 0.21473
-0.819582 0.572962
-0.800172 0.59977
-0.771885 0.635762
-0.744159 0.668002
-0.296346 0.955081
-0.339834 0.940485
-0.355097 0.93483
-0.353372 0.935483
-0.328282 0.94458
-0.319195 0.947689
-0.306454 0.951886
-0.292728 0.956196
-0.28061 0.959822
-0.264857 0.964288
-0.246926 0.969034
-0.230182 0.973148
-0.208954 0.977925
-0.190825 0.981624
-0.170645 0.985333
0.205875 0.978578
0.17952 0.983754
0.139581 0.990211
0.0739216 0.997264
-0.647267 -0.762264
-0.720695 -0.693252
-0.80083 -0.598892
-0.868509 -0.495673
-0.913674 -0.406449
-0.977866 0.209231
-0.989598 0.143857
-0.994625 0.103546
-0.997049 0.0767691
0.993648 0.112533
0.99574 0.092209
0.997268 0.073866
0.998635 0.0522343
0.999386 0.0350483
0.999865 0.0164571
1 -6.39658e-05
0.999916 -0.0129708
0.999618 -0.0276269
0.999146 -0.0413269
0.998689 -0.0511805
0.996979 -0.0776665
0.996843 -0.0794007
0.998013 -0.0630034
0.999856 -0.0169542
-0.849829 0.527058
-0.826762 0.562551
-0.800022 0.599971
-0.768947 0.639312
-0.736016 0.676964
-0.421477 0.906839
-0.436463 0.899722
-0.42964 0.903
-0.411099 0.911591
-0.377669 0.92594
-0.358381 0.933575
-0.337736 0.941241
-0.319087 0.947726
-0.303875 0.952712
-0.285728 0.958311
-0.268927 0.963161
-0.253949 0.967218
-0.238364 0.971176
-0.227733 0.973724
-0.218945 0.975737
0.252655 0.967557
0.245988 0.969273
0.23282 0.97252
-0.563839 -0.825884
-0.62954 -0.776968
-0.712502 -0.70167
-0.800868 -0.598841
-0.874343 -0.485309
-0.922858 -0.385141
-0.951073 -0.308966
-0.998774 0.0494974
-0.999361 0.0357523
-0.999584 0.0288277
0.99798 0.0635258
0.998508 0.0546089
0.999041 0.0437746
0.999615 0.0277592
0.999925 0.0122181
0.999985 -0.00542196
0.999694 -0.0247459
0.999149 -0.0412471
0.998115 -0.0613744
0.996519 -0.0833631
0.994588 -0.1039
0.990195 -0.139692
0.987166 -0.1597
0.985959 -0.166989
0.988619 -0.150441
-0.856157 0.516716
-0.829175 0.558989
-0.799873 0.60017
-0.766982 0.641668
-0.727707 0.685888
-0.549795 0.8353
-0.531773 0.846887
-0.502641 0.864495
-0.467167 0.884169
-0.424262 0.90554
-0.395314 0.918546
-0.367638 0.929969
-0.343975 0.938979
-0.325461 0.945555
-0.305325 0.952248
-0.289346 0.957225
-0.277216 0.960808
-0.268571 0.96326
-0.266597 0.963808
-0.270639 0.962681
0.302381 0.953187
0.318048 0.948075
0.336634 0.941635
-0.536998 -0.843583
-0.613395 -0.789777
-0.70487 -0.709337
-0.800867 -0.598842
-0.879553 -0.475801
-0.930624 -0.365978
-0.960534 -0.278163
-0.998272 -0.0587661
-0.999226 -0.039346
-0.999737 -0.0229445
0.999948 0.0102133
0.999895 0.0144685
0.999922 0.0124668
0.999994 0.00346863
0.999957 -0.00929762
0.999655 -0.0262778
0.998854 -0.0478671
0.997683 -0.0680268
0.995602 -0.0936855
0.992343 -0.12351
0.987959 -0.154718
0.979549 -0.201206
0.970669 -0.240418
0.961979 -0.273125
0.95593 -0.293595
-0.862335 0.506338
-0.830666 0.556771
-0.799879 0.600161
-0.765559 0.643366
-0.720975 0.692961
-0.672791 0.739832
-0.622942 0.782268
-0.57225 0.820079
-0.520584 0.853811
-0.469075 0.883158
-0.43047 0.902605
-0.396027 0.918239
-0.367259 0.930119
-0.346084 0.938204
-0.325546 0.945526
-0.308799 0.951127
-0.2999 0.953971
-0.299162 0.954202
-0.306953 0.951725
-0.324924 0.94574
0.354906 0.934902
0.393253 0.91943
0.44371 0.896171
-0.511273 -0.859418
-0.598568 -0.801072
-0.700343 -0.713807
-0.800782 -0.598955
-0.88245 -0.470406
-0.93722 -0.348739
-0.96846 -0.249168
-0.984669 -0.174434
-0.992809 -0.119709
-0.996903 -0.0786465
0.998903 -0.0468205
0.999612 -0.0278563
0.999806 -0.0196747
0.999789 -0.0205194
0.999548 -0.0300591
0.998843 -0.0481002
0.997518 -0.0704174
0.995637 -0.0933058
0.992227 -0.124441
0.986783 -0.162049
0.978926 -0.204214
0.965292 -0.261175
0.947481 -0.319811
0.925444 -0.378886
0.898668 -0.43863
-0.867079 0.498171
-0.831797 0.55508
-0.799817 0.600244
-0.754405 0.656409
-0.705638 0.708572
-0.774487 0.63259
-0.702401 0.711781
-0.634143 0.773216
-0.569006 0.822334
-0.510268 0.860016
-0.462661 0.886535
-0.422174 0.906515
-0.389355 0.921088
-0.365474 0.930821
-0.3443 0.93886
-0.328443 0.944524
-0.322895 0.946435
-0.330354 0.943857
-0.34828 0.93739
-0.379336 0.925259
0.407087 0.91339
0.467582 0.88395
0.547681 0.836687
-0.487975 -0.872857
-0.583703 -0.811967
-0.693735 -0.720231
-0.800356 -0.599525
-0.886105 -0.463484
-0.943062 -0.332616
-0.974551 -0.224164
-0.956441 -0.291924
-0.979396 -0.201947
-0.990758 -0.135638
0.994409 -0.105596
0.997383 -0.0722954
0.998582 -0.0532328
0.998968 -0.0454293
0.998671 -0.0515319
0.997637 -0.0687106
0.995799 -0.0915676
0.993101 -0.117263
0.98825 -0.152848
0.980386 -0.197087
0.968249 -0.249987
0.948426 -0.317
0.919543 -0.392989
0.879742 -0.475451
0.823924 -0.5667
-0.877612 0.479372
-0.841118 0.540852
-0.79945 0.600733
-0.752604 0.658474
-0.693261 0.720687
-0.854308 0.519767
-0.768528 0.639817
-0.686804 0.726843
-0.609155 0.793051
-0.544204 0.838953
-0.489055 0.872253
-0.442294 0.89687
-0.405368 0.914154
-0.378887 0.925443
-0.356139 0.934433
-0.343156 0.939278
-0.340959 0.940078
-0.355881 0.934531
-0.382642 0.923897
-0.425653 0.904886
0.450998 0.892525
0.529333 0.848414
0.63208 0.774903
-0.455808 -0.890078
-0.562593 -0.826734
-0.682351 -0.731025
-0.798092 -0.602535
-0.889862 -0.45623
-0.949018 -0.31522
-0.980711 -0.195463
-0.918033 -0.396504
-0.960797 -0.277254
-0.981923 -0.189279
0.986976 -0.160865
0.993519 -0.113664
0.996433 -0.0843899
0.997686 -0.0679923
0.997552 -0.0699247
0.996495 -0.0836503
0.994174 -0.10779
0.990707 -0.136013
0.9844 -0.175947
0.973787 -0.227463
0.957168 -0.289534
0.931115 -0.364726
0.889212 -0.457496
0.828549 -0.559917
0.737325 -0.675538
-0.885411 0.464808
-0.842027 0.539435
-0.798237 0.602344
-0.744222 0.667932
-0.671912 0.740631
-0.904656 0.426142
-0.809357 0.587317
-0.711695 0.702488
-0.618762 0.785578
-0.543283 0.83955
-0.476863 0.878977
-0.421975 0.906607
-0.379091 0.925359
-0.348473 0.937319
-0.322669 0.946512
-0.306213 0.951963
-0.30365 0.952784
-0.321801 0.946807
-0.352924 0.935652
-0.402664 0.915348
0.423186 0.906043
0.516584 0.856236
0.639874 0.76848
0.793057 0.609148
-0.481601 -0.876391
-0.635289 -0.772274
-0.784027 -0.620727
-0.897292 -0.441437
-0.963101 -0.269139
-0.773873 -0.633341
-0.894481 -0.447106
-0.952458 -0.304671
-0.980094 -0.198536
0.984954 -0.172815
0.993276 -0.115766
0.996849 -0.0793278
0.998402 -0.0565124
0.998447 -0.0557018
0.997555 -0.0698835
0.995502 -0.0947437
0.992129 -0.125219
0.985574 -0.169243
0.973783 -0.227481
0.953832 -0.300341
0.922428 -0.386169
0.868118 -0.496358
0.784622 -0.619974
0.656497 -0.754329
-0.896195 0.44366
-0.846425 0.532509
-0.773087 0.6343
-0.592794 0.805354
-0.931054 0.364881
-0.747695 0.664043
-0.546716 0.837318
-0.371294 0.928515
-0.228057 0.973648
-0.130402 0.991461
-0.0547669 0.998499
0.00484031 0.999988
0.0504086 0.998729
0.0825055 0.996591
0.108244 0.994124
0.128055 0.991767
0.133908 0.990994
0.119838 0.992793
0.100349 0.994952
0.0686739 0.997639
-0.0915879 0.995797
-0.0198717 0.999803
0.0872334 0.996188
0.264502 0.964385
0.326528 -0.945187
0.0826836 -0.996576
-0.493343 -0.869835
-0.97726 -0.212042
-0.977817 0.209461
-0.94944 -0.313948
-0.994733 -0.102501
-0.999531 0.0306391
-0.992338 0.123551
0.992761 0.120104
0.985811 0.167859
0.979697 0.200485
0.974313 0.225199
0.973477 0.228786
0.975999 0.217773
0.980253 0.19775
0.985085 0.172068
0.991028 0.133657
0.996669 0.081555
0.999948 0.0102036
0.996578 -0.0826525
0.974561 -0.224121
0.914817 -0.40387
0.783281 -0.621668
0.529866 -0.848081
-0.903486 0.428618
0.832898 -0.553427
0.892908 -0.45024
0.828347 0.560216
0.838706 0.544584
0.834304 0.551304
0.821628 0.570023
0.804614 0.593798
0.776109 0.630598
0.769529 0.638612
0.76279 0.646646
0.756204 0.654335
0.751603 0.659616
0.742127 0.67026
0.735514 0.67751
0.723632 0.690185
0.707912 0.706301
0.696566 0.717493
0.682928 0.730485
-0.727548 0.686057
-0.709842 0.704361
-0.683802 0.729667
-0.643194 0.765703
-0.580529 0.814239
0.977462 0.21111
0.912788 0.408434
0.775644 0.631171
-0.39021 0.920726
-0.438401 0.898779
-0.480416 0.87704
-0.50699 0.861952
-0.518763 0.854918
0.588661 0.80838
0.58014 0.814517
0.567442 0.823413
0.543929 0.839131
0.520142 0.85408
0.506221 0.862404
0.48489 0.874575
0.469847 0.882748
0.449108 0.893477
0.42606 0.904695
0.400785 0.916172
0.334781 0.942296
0.281984 0.959419
0.235189 0.97195
0.204565 0.978853
0.205702 0.978615
0.759663 -0.650317
0.570273 0.821455
0.777192 0.629264
0.834293 0.551322
0.863699 0.504009
0.874476 0.485069
0.874652 0.484751
0.867768 0.49697
0.846182 0.532894
0.842726 0.538343
0.83686 0.547416
0.83039 0.557183
0.823911 0.566719
0.814604 0.580018
0.804841 0.593491
0.795686 0.60571
0.780535 0.625112
0.768046 0.640395
0.752426 0.658677
-0.7923 0.610132
-0.771923 0.635716
-0.742667 0.669661
-0.699152 0.714973
-0.637179 0.770716
-0.55436 0.832277
-0.460507 0.887656
-0.382541 0.923938
-0.341083 0.940033
-0.331473 0.943465
-0.334651 0.942342
-0.341183 0.939997
-0.343459 0.939168
0.4213 0.906921
0.410058 0.912059
0.396172 0.918176
0.37305 0.927811
0.355103 0.934827
0.333645 0.942699
0.311034 0.950399
0.29286 0.956155
0.273091 0.961988
0.253167 0.967423
0.236979 0.971515
0.184512 0.98283
0.161213 0.98692
0.154355 0.988015
0.171096 0.985254
0.223694 0.974659
0.317198 0.948359
0.578219 0.815882
0.749799 0.661666
0.806703 0.590957
0.840356 0.542034
0.85713 0.515101
0.862552 0.505969
0.859567 0.511023
0.839453 0.543432
0.838063 0.545573
0.834226 0.551423
0.829031 0.559203
0.823477 0.56735
0.814384 0.580326
0.80309 0.595858
0.792408 0.609992
0.774276 0.632848
0.758215 0.652005
0.738132 0.674657
-0.777326 0.629098
-0.75151 0.659721
-0.717113 0.696957
-0.671331 0.741157
-0.612357 0.790581
-0.543874 0.839167
-0.47557 0.879678
-0.423544 0.905875
-0.396543 0.918016
-0.386227 0.922404
-0.382782 0.923839
-0.377817 0.92588
-0.368499 0.929628
0.440034 0.897981
0.42125 0.906945
0.401469 0.915873
0.373821 0.927501
0.353767 0.935334
0.330221 0.943904
0.309096 0.951031
0.293969 0.955815
0.278004 0.96058
0.263503 0.964659
0.253207 0.967412
0.207968 0.978136
0.196232 0.980558
0.202725 0.979236
0.231567 0.972819
0.288469 0.957489
0.375037 0.92701
0.584756 0.81121
0.728172 0.685394
0.782167 0.623069
0.817131 0.576453
0.836643 0.547749
0.844874 0.534965
0.844803 0.535077
0.826487 0.562955
0.827001 0.562201
0.824417 0.565982
0.820031 0.57232
0.814951 0.57953
0.805711 0.592309
0.793828 0.608142
0.78155 0.623843
0.760373 0.649487
0.74088 0.671637
0.716475 0.697613
-0.754256 0.656581
-0.723733 0.69008
-0.685355 0.728209
-0.638996 0.76921
-0.585402 0.810743
-0.531321 0.847171
-0.486424 0.873723
-0.460281 0.887773
-0.452092 0.891971
-0.449745 0.893157
-0.445288 0.895388
-0.432797 0.901492
-0.414735 0.909942
0.477584 0.878586
0.451889 0.892074
0.426628 0.904427
0.394549 0.918875
0.372348 0.928093
0.34852 0.937301
0.328212 0.944604
0.314696 0.949193
0.301218 0.953555
0.290268 0.956945
0.284568 0.958656
0.246147 0.969233
0.24173 0.970344
0.254019 0.967199
0.286458 0.958093
0.341954 0.939717
0.419058 0.907959
0.590277 0.807201
0.717974 0.69607
0.764692 0.644396
0.796784 0.604265
0.816813 0.576902
0.826852 0.562419
0.829111 0.559084
0.812688 0.5827
0.814744 0.579821
0.813124 0.58209
0.809507 0.587111
0.80501 0.593261
0.795972 0.605334
0.783488 0.621407
0.770139 0.637876
0.746649 0.665218
0.724526 0.689248
0.696916 0.717153
-0.732491 0.680777
-0.699085 0.715038
-0.658956 0.752182
-0.613047 0.790047
-0.564558 0.825393
-0.52173 0.853111
-0.49704 0.867728
-0.493504 0.869744
-0.499086 0.866553
-0.502512 0.86457
-0.496762 0.867887
-0.480272 0.87712
-0.456859 0.889539
0.510903 0.859638
0.480253 0.87713
0.451165 0.89244
0.41618 0.909282
0.39294 0.919564
0.369026 0.929419
0.350028 0.936739
0.338263 0.941052
0.327047 0.945008
0.31879 0.947825
0.316707 0.948523
0.284538 0.958665
0.285293 0.95844
0.300518 0.953776
0.332168 0.94322
0.380588 0.924745
0.445135 0.895464
0.595263 0.803531
0.707925 0.706288
0.746222 0.665697
0.775567 0.631266
0.796076 0.605196
0.807998 0.589186
0.812759 0.5826
0.798333 0.602216
0.801448 0.598064
0.800868 0.598841
0.798218 0.602368
0.794402 0.607392
0.785464 0.618907
0.773939 0.63326
0.759056 0.651025
0.733977 0.679175
0.710291 0.703908
0.680977 0.732305
-0.713625 0.700528
-0.678344 0.734745
-0.637877 0.770138
-0.594182 0.80433
-0.552179 0.833725
-0.520707 0.853736
-0.507252 0.861798
-0.516175 0.856483
-0.534469 0.845188
-0.544804 0.838564
-0.53924 0.842152
-0.519816 0.854279
-0.49181 0.870702
0.537333 0.84337
0.504132 0.863627
0.473089 0.881015
0.43653 0.89969
0.411387 0.911461
0.390486 0.920609
0.372591 0.927996
0.362684 0.931912
0.353814 0.935316
0.348221 0.937413
0.348809 0.937194
0.322428 0.946594
0.328008 0.944675
0.345732 0.938333
0.376337 0.926483
0.418148 0.908379
0.469136 0.883126
0.600192 0.799856
0.690111 0.723704
0.726332 0.687344
0.754782 0.655975
0.775832 0.63094
0.789519 0.613726
0.796262 0.604952
0.783547 0.621333
0.78779 0.615944
0.788265 0.615336
0.786039 0.618176
0.782292 0.622912
0.774322 0.632792
0.76209 0.647471
0.747442 0.664327
0.722031 0.691861
0.697899 0.716196
0.668219 0.743965
-0.697753 0.716339
-0.662273 0.749263
-0.623102 0.782141
-0.582416 0.812891
-0.545181 0.838318
-0.521898 0.853008
-0.518932 0.854816
-0.537347 0.843361
-0.564048 0.825742
-0.57661 0.81702
-0.571061 0.820908
-0.550289 0.834974
-0.520079 0.854118
0.558257 0.829668
0.524492 0.851416
0.493285 0.869868
0.457313 0.889306
0.433639 0.901087
0.412337 0.911031
0.397085 0.917782
0.387966 0.921674
0.380648 0.92472
0.377437 0.926035
0.380216 0.924898
0.358381 0.933575
0.367368 0.930076
0.387173 0.922007
0.417113 0.908855
0.455633 0.890168
0.501407 0.865212
0.604437 0.796653
0.683796 0.729673
0.713629 0.700524
0.738483 0.674272
0.757895 0.652376
0.77149 0.636241
0.779211 0.626762
0.768464 0.639893
0.773501 0.633795
0.774705 0.632323
0.773005 0.6344
0.769627 0.638494
0.762545 0.646935
0.7505 0.660871
0.736113 0.676858
0.711137 0.703054
0.687323 0.726352
0.658359 0.752704
-0.684701 0.728825
-0.650549 0.759464
-0.613526 0.789675
-0.575978 0.817465
-0.543625 0.839328
-0.525126 0.851024
-0.530279 0.847823
-0.557341 0.830284
-0.586835 0.809707
-0.601338 0.798995
-0.594859 0.80383
-0.573105 0.819482
-0.542789 0.839869
0.574683 0.818376
0.541745 0.840543
0.511437 0.859321
0.477128 0.878834
0.454754 0.890617
0.4346 0.900623
0.421603 0.906781
0.413754 0.910389
0.407995 0.912984
0.406526 0.913639
0.410864 0.911697
0.39341 0.919363
0.403592 0.914939
0.42236 0.906428
0.448711 0.893677
0.481182 0.876621
0.518289 0.855206
0.608478 0.793571
0.671085 0.74138
0.697483 0.716601
0.720597 0.693354
0.739175 0.673513
0.752768 0.658286
0.76148 0.648189
0.753101 0.657905
0.758291 0.651916
0.759883 0.650059
0.758812 0.65131
0.756124 0.654428
0.7488 0.662797
0.738516 0.674236
0.724809 0.688949
0.700903 0.713257
0.678251 0.73483
0.650992 0.759084
-0.674066 0.738671
-0.642267 0.766481
-0.608175 0.793803
-0.574032 0.818833
-0.546029 0.837766
-0.533074 0.846068
-0.542112 0.840306
-0.571905 0.82032
-0.605463 0.795873
-0.620104 0.784519
-0.612161 0.790733
-0.590356 0.807143
-0.561202 0.827679
0.587612 0.809143
0.556734 0.830691
0.5284 0.848996
0.496471 0.868053
0.476062 0.879412
0.459667 0.888091
0.446838 0.894615
0.440608 0.897699
0.436317 0.899793
0.435879 0.900005
0.440827 0.897592
0.42798 0.903788
0.439251 0.898364
0.457162 0.889384
0.4812 0.876611
0.510051 0.860144
0.541508 0.840696
0.612321 0.790609
0.661957 0.749542
0.685158 0.728394
0.705647 0.708563
0.722399 0.691476
0.735402 0.677631
0.744387 0.667749
0.737553 0.675289
0.742642 0.669689
0.744469 0.667657
0.743775 0.66843
0.741421 0.671041
0.736112 0.67686
0.725866 0.687836
0.712987 0.701178
0.691037 0.722819
0.670352 0.742043
0.6457 0.763591
-0.66547 0.746425
-0.63674 0.771078
-0.606391 0.795167
-0.576874 0.816833
-0.55274 0.833354
-0.542648 0.83996
-0.554336 0.832293
-0.586085 0.81025
-0.618822 0.785531
-0.631607 0.775289
-0.624302 0.781183
-0.603434 0.797413
-0.576307 0.817233
0.597887 0.80158
0.570103 0.821573
0.544665 0.838654
0.516136 0.856506
0.497592 0.867411
0.482219 0.876051
0.47324 0.880934
0.467828 0.88382
0.464514 0.885566
0.46483 0.8854
0.469761 0.882794
0.459731 0.888058
0.470933 0.882169
0.487251 0.873262
0.508003 0.861355
0.532703 0.846303
0.559711 0.828688
0.615837 0.787874
0.655551 0.755151
0.674618 0.738167
0.691855 0.722037
0.706535 0.707678
0.718258 0.695777
0.726821 0.686827
0.721559 0.692353
0.726504 0.687162
0.728781 0.684747
0.728713 0.684819
0.727048 0.686587
0.721315 0.692607
0.712249 0.701927
0.700992 0.713169
0.681694 0.731637
0.663561 0.748122
0.642155 0.766574
-0.658591 0.752501
-0.63383 0.773472
-0.607879 0.79403
-0.582872 0.812564
-0.562868 0.826547
-0.554739 0.832025
-0.567009 0.823711
-0.597913 0.801561
-0.62746 0.778649
-0.639035 0.769177
-0.631596 0.775297
-0.612638 0.790364
-0.588877 0.808223
0.606109 0.795382
0.582166 0.81307
0.560266 0.828313
0.535917 0.84427
0.520303 0.853982
0.50704 0.861923
0.498005 0.867174
0.494257 0.869316
0.492259 0.870449
0.493385 0.869811
0.498192 0.867067
0.490714 0.871321
0.500895 0.865508
0.514873 0.857266
0.532258 0.846582
0.552312 0.833637
0.574055 0.818817
0.619286 0.785166
0.64992 0.760003
0.665783 0.746145
0.67966 0.733527
0.691701 0.722184
0.701879 0.712297
0.70952 0.704685
0.705764 0.708447
0.710349 0.703849
0.712401 0.701773
0.712082 0.702096
0.710646 0.703549
0.705813 0.708398
0.698382 0.715725
0.689067 0.724698
0.672846 0.739783
0.65776 0.753228
0.640111 0.768283
-0.65322 0.757168
-0.632845 0.774278
-0.611807 0.791007
-0.591445 0.806346
-0.574885 0.818234
-0.568733 0.822522
-0.580227 0.814455
-0.608057 0.793893
-0.634109 0.773244
-0.642567 0.766229
-0.635263 0.772296
-0.619252 0.785192
-0.599362 0.800478
0.61266 0.790346
0.593039 0.805174
0.575144 0.818052
0.55521 0.83171
0.542754 0.839892
0.532264 0.846578
0.524873 0.85118
0.521784 0.853078
0.519942 0.854202
0.521027 0.85354
0.525307 0.850913
0.519924 0.854213
0.528566 0.848892
0.540182 0.841548
0.553858 0.832611
0.569528 0.821972
0.587178 0.809458
0.622303 0.782777
0.649622 0.760257
0.659924 0.751332
0.669492 0.742819
0.678384 0.734707
0.686032 0.727572
0.69187 0.722022
0.689408 0.724373
0.693186 0.720759
0.694805 0.719198
0.69478 0.719223
0.693852 0.720118
0.690071 0.723742
0.68391 0.729566
0.676785 0.73618
0.664291 0.747474
0.652728 0.757592
0.639233 0.769013
-0.649059 0.760738
-0.633448 0.773786
-0.617367 0.786675
-0.601887 0.798581
-0.58941 0.807834
-0.584891 0.811112
-0.594118 0.804378
-0.616362 0.787463
-0.637004 0.77086
-0.643059 0.765817
-0.636636 0.771164
-0.623698 0.781665
-0.608235 0.793757
0.617979 0.786194
0.603082 0.797679
0.589664 0.807649
0.57477 0.818315
0.565583 0.824691
0.557147 0.830414
0.551598 0.83411
0.54944 0.835533
0.548214 0.836338
0.549003 0.83582
0.552331 0.833625
0.548615 0.836075
0.554657 0.832079
0.562834 0.82657
0.572383 0.819986
0.582724 0.81267
0.593986 0.804475
0.626085 0.779755
0.645655 0.763629
0.652165 0.758077
0.65863 0.752467
0.66465 0.747155
0.669857 0.74249
0.674135 0.738608
0.672908 0.739727
0.67565 0.737223
0.67692 0.736057
0.677028 0.735957
0.676389 0.736545
0.673785 0.738927
0.670389 0.742009
0.665241 0.746629
0.656513 0.754315
0.648513 0.761204
0.639303 0.768955
-0.645782 0.763522
-0.635204 0.772344
-0.624371 0.781128
-0.613987 0.789316
-0.605633 0.795744
-0.602337 0.798242
-0.608352 0.793667
-0.623438 0.781873
-0.636933 0.770919
-0.640561 0.767908
-0.635713 0.771926
-0.626608 0.779334
-0.61603 0.787723
0.622302 0.782777
0.612163 0.790732
0.602999 0.797742
0.592838 0.805322
0.586392 0.810027
0.582016 0.813178
0.57834 0.815796
0.576894 0.816819
0.57616 0.817337
0.576781 0.816899
0.579073 0.815276
0.577038 0.816717
0.581188 0.813769
0.586383 0.810034
0.592472 0.805591
0.599059 0.800705
0.605862 0.795569
0.630384 0.776284
0.642085 0.766634
0.645416 0.763832
0.648797 0.760961
0.651907 0.758299
0.654609 0.755968
0.656885 0.753991
0.656383 0.754428
0.65787 0.753132
0.658661 0.752439
0.658758 0.752355
0.658412 0.752658
0.657109 0.753795
0.655241 0.75542
0.652723 0.757597
0.648336 0.761354
0.644312 0.764762
0.639677 0.768644
-0.642907 0.765944
-0.637582 0.770383
-0.632174 0.774826
-0.626942 0.779066
-0.622575 0.78256
-0.620514 0.784195
-0.622982 0.782237
-0.629668 0.776864
-0.635344 0.772229
-0.636425 0.771339
-0.633562 0.773692
-0.628807 0.777562
-0.623429 0.78188
0.626473 0.779443
0.621391 0.783501
0.616864 0.78707
0.611905 0.790931
0.608875 0.793267
0.606533 0.795059
0.604755 0.796412
0.603967 0.797009
0.603634 0.797262
0.604054 0.796943
0.605218 0.79606
0.604319 0.796742
0.606393 0.795165
0.608902 0.793246
0.611829 0.79099
0.615031 0.788503
0.618238 0.785991
0.635342 0.772231
0.640184 0.768221
0.640185 0.768221
0.640186 0.76822
0.640188 0.768218
0.640192 0.768215
0.640193 0.768214
0.640185 0.768221
0.640188 0.768218
0.640198 0.76821
0.640224 0.768188
0.640262 0.768157
0.640301 0.768124
0.640314 0.768113
0.640328 0.768101
0.640341 0.768091
0.640348 0.768085
0.640351 0.768083
-0.64035 0.768083
-0.640339 0.768092
-0.640307 0.768119
-0.640218 0.768194
-0.63989 0.768467
-0.639109 0.769116
-0.637548 0.770411
-0.635143 0.772395
-0.632813 0.774305
-0.631407 0.775451
-0.630815 0.775933
-0.630582 0.776122
-0.630494 0.776194
0.630462 0.77622
0.63045 0.77623
0.630449 0.77623
0.630456 0.776225
0.630464 0.776219
0.630467 0.776216
0.630509 0.776182
0.630482 0.776204
0.630468 0.776215
0.630446 0.776233
0.630427 0.776248
0.630438 0.776239
0.63045 0.77623
0.630462 0.77622
0.630468 0.776215
0.630472 0.776212
0.630474 0.776211
0.640272 0.768149
0.638279 0.769805
0.634929 0.772571
0.631501 0.775375
0.628327 0.777949
0.625567 0.780171
0.623248 0.782024
0.623774 0.781604
0.622241 0.782826
0.621437 0.783464
0.621376 0.783513
0.62179 0.783184
0.623162 0.782093
0.625189 0.780473
0.627821 0.778358
0.63233 0.774699
0.636406 0.771354
0.64105 0.767499
-0.637799 0.770203
-0.64309 0.765791
-0.648349 0.761343
-0.653279 0.757117
-0.656941 0.753942
-0.657364 0.753574
-0.651859 0.75834
-0.640632 0.767848
-0.63017 0.776457
-0.626378 0.77952
-0.628108 0.778126
-0.632388 0.774651
-0.637526 0.770429
0.634441 0.772972
0.639421 0.768857
0.643829 0.765169
0.648649 0.761088
0.651593 0.758569
0.653932 0.756553
0.655622 0.75509
0.6563 0.7545
0.656559 0.754274
0.656088 0.754684
0.654946 0.755676
0.655859 0.754884
0.653939 0.756547
0.651562 0.758595
0.648756 0.760997
0.645665 0.76362
0.642551 0.766243
0.644528 0.764581
0.634124 0.773231
0.627993 0.778219
0.621415 0.783481
0.615146 0.788414
0.609579 0.792725
0.604968 0.79625
0.606433 0.795135
0.603605 0.797283
0.602183 0.798358
0.602051 0.798458
0.602737 0.79794
0.60542 0.795906
0.609634 0.792683
0.614986 0.788538
0.624048 0.781386
0.632214 0.774794
0.641445 0.767169
-0.634892 0.772601
-0.645416 0.763831
-0.655905 0.754844
-0.665591 0.746317
-0.672978 0.739663
-0.674696 0.738096
-0.665849 0.746087
-0.646395 0.763003
-0.628592 0.777735
-0.62235 0.782739
-0.626069 0.779768
-0.634688 0.772769
-0.644865 0.764296
0.638643 0.769504
0.648439 0.761266
0.657137 0.753771
0.666574 0.745439
0.672365 0.740219
0.677048 0.735939
0.680213 0.733014
0.681391 0.731919
0.681911 0.731435
0.68128 0.732023
0.679394 0.733774
0.681431 0.731883
0.677657 0.735378
0.672891 0.739742
0.66734 0.744753
0.661303 0.750119
0.655224 0.755434
0.649222 0.760599
0.624086 0.781356
0.616409 0.787426
0.607784 0.794103
0.599258 0.800556
0.591426 0.806359
0.585008 0.811028
0.587883 0.808946
0.583961 0.811782
0.582215 0.813035
0.582448 0.812868
0.584116 0.81167
0.587514 0.809214
0.593749 0.804651
0.6018 0.798647
0.615271 0.788315
0.627462 0.778647
0.641214 0.767363
-0.631345 0.775502
-0.646946 0.762536
-0.662398 0.749152
-0.67662 0.736332
-0.6875 0.726184
-0.690467 0.723364
-0.679055 0.734087
-0.653213 0.757174
-0.629011 0.777396
-0.620445 0.78425
-0.62564 0.780112
-0.637989 0.770046
-0.652805 0.757526
0.643445 0.765492
0.65787 0.753131
0.67059 0.741828
0.684182 0.729312
0.69259 0.721332
0.69922 0.714907
0.703125 0.711066
0.705574 0.708636
0.706871 0.707343
0.706472 0.707741
0.704097 0.710104
0.707538 0.706675
0.702597 0.711588
0.69625 0.717799
0.689059 0.724706
0.681354 0.731954
0.673832 0.738885
0.653007 0.757352
0.61746 0.786602
0.605146 0.796114
0.59319 0.805062
0.58189 0.813268
0.571693 0.820468
0.563619 0.826035
0.568423 0.822736
0.563506 0.826112
0.561476 0.827493
0.561975 0.827154
0.563852 0.825876
0.569619 0.821909
0.57803 0.816016
0.588625 0.808406
0.606322 0.795219
0.62224 0.782826
0.640258 0.76816
-0.626971 0.779042
-0.647445 0.762113
-0.667559 0.744557
-0.686026 0.727577
-0.699922 0.714219
-0.703843 0.710356
-0.691331 0.722538
-0.662218 0.749311
-0.632888 0.774243
-0.62134 0.783541
-0.627382 0.778712
-0.64269 0.766126
-0.661527 0.749921
0.648883 0.760888
0.667442 0.744661
0.683655 0.729805
0.701039 0.713123
0.71176 0.702423
0.720399 0.693559
0.726665 0.686992
0.729416 0.684071
0.731279 0.682078
0.730979 0.6824
0.72818 0.685386
0.733259 0.67995
0.727267 0.686355
0.719227 0.694775
0.709819 0.704384
0.699184 0.714942
0.687447 0.726235
0.656549 0.754283
0.612025 0.790839
0.593877 0.804556
0.577196 0.816606
0.562524 0.826781
0.550479 0.834849
0.541526 0.840684
0.548449 0.836184
0.54272 0.839914
0.540631 0.84126
0.541299 0.84083
0.543703 0.839278
0.550929 0.834552
0.56175 0.827307
0.574891 0.81823
0.596645 0.802505
0.616131 0.787644
0.638149 0.769913
-0.621345 0.783537
-0.646406 0.762994
-0.671165 0.741308
-0.693566 0.720393
-0.710356 0.703843
-0.715925 0.698177
-0.702659 0.711526
-0.670868 0.741577
-0.639035 0.769178
-0.625208 0.780458
-0.631303 0.775536
-0.649318 0.760517
-0.671453 0.741047
0.655341 0.755333
0.677556 0.735471
0.696999 0.717073
0.717801 0.696249
0.730661 0.68274
0.741326 0.671145
0.74876 0.662841
0.751997 0.659166
0.754125 0.656731
0.754185 0.656662
0.751245 0.660024
0.757895 0.652377
0.751576 0.659646
0.742379 0.66998
0.730394 0.683026
0.715912 0.698191
0.699212 0.714914
0.659862 0.751386
0.608504 0.793551
0.58438 0.81148
0.562317 0.826922
0.543311 0.839532
0.528721 0.848796
0.518945 0.854808
0.528204 0.849117
0.521936 0.852985
0.520028 0.85415
0.521425 0.853297
0.525017 0.851092
0.532102 0.84668
0.544992 0.838441
0.560613 0.828078
0.585997 0.810313
0.608735 0.793373
0.634437 0.772975
-0.613982 0.78932
-0.643345 0.765577
-0.672297 0.740282
-0.6985 0.71561
-0.718163 0.695875
-0.724906 0.688848
-0.712985 0.701179
-0.682354 0.731022
-0.648192 0.761477
-0.632803 0.774313
-0.6387 0.769456
-0.658238 0.75281
-0.682996 0.730422
0.66331 0.748345
0.688672 0.725073
0.710761 0.703434
0.734285 0.678842
0.749034 0.662532
0.761106 0.648627
0.768055 0.640383
0.772341 0.635208
0.775332 0.631554
0.775928 0.630822
0.773045 0.634352
0.781313 0.62414
0.774746 0.632273
0.763908 0.645325
0.748888 0.662697
0.730405 0.683014
0.708888 0.705321
0.66362 0.74807
0.595913 0.803049
0.567807 0.823162
0.542539 0.840031
0.521459 0.853276
0.505303 0.862942
0.494758 0.869031
0.507088 0.861894
0.500857 0.86553
0.499216 0.866477
0.501299 0.865274
0.505228 0.862986
0.515406 0.856946
0.528942 0.848658
0.546054 0.83775
0.574491 0.818511
0.599977 0.800018
0.628832 0.777541
-0.604605 0.796525
-0.637494 0.770455
-0.66964 0.742686
-0.699383 0.714747
-0.722349 0.691529
-0.731346 0.682006
-0.721319 0.692603
-0.692471 0.721446
-0.659228 0.751943
-0.644287 0.764783
-0.650476 0.759527
-0.66982 0.742523
-0.695838 0.718199
0.672585 0.74002
0.700286 0.713863
0.724397 0.689383
0.74994 0.661506
0.765491 0.643447
0.777684 0.628655
0.787171 0.616735
0.791725 0.610878
0.795452 0.606016
0.796468 0.604681
0.794182 0.60768
0.804523 0.593922
0.797991 0.602669
0.78673 0.617298
0.770972 0.636869
0.750766 0.660568
0.72659 0.687072
0.666529 0.745479
0.590476 0.807055
0.554603 0.832115
0.523351 0.852117
0.498188 0.867069
0.480076 0.877227
0.470121 0.882602
0.485543 0.874213
0.479162 0.877727
0.478122 0.878294
0.480969 0.876737
0.485772 0.874086
0.496861 0.86783
0.513107 0.858325
0.531788 0.846877
0.562264 0.826958
0.589665 0.807648
0.621041 0.783778
-0.592938 0.805248
-0.628558 0.777763
-0.659998 0.751267
-0.689388 0.724392
-0.715031 0.699093
-0.728357 0.685198
-0.723163 0.690677
-0.7002 0.713947
-0.673494 0.739192
-0.660336 0.750971
-0.663431 0.748237
-0.679839 0.733361
-0.706898 0.707315
0.680428 0.732815
0.710057 0.704144
0.735515 0.677508
0.76231 0.647212
0.779025 0.626993
0.793429 0.608662
0.803337 0.595524
0.808622 0.588329
0.813043 0.582203
0.814862 0.579655
0.813094 0.582133
0.825327 0.564656
0.819837 0.572597
0.808057 0.589105
0.790301 0.612719
0.766485 0.642262
0.736793 0.676118
0.657576 0.753388
0.562378 0.826881
0.521826 0.853052
0.487714 0.873003
0.461283 0.887253
0.443757 0.896147
0.436015 0.899939
0.456316 0.889818
0.451615 0.892213
0.452274 0.891879
0.457115 0.889407
0.464593 0.885525
0.476267 0.879301
0.493618 0.869679
0.513818 0.857899
0.546433 0.837503
0.575956 0.817481
0.611163 0.791505
-0.585505 0.810669
-0.643073 0.765805
0.625584 0.780157
-0.59345 0.804871
-0.658641 0.752457
-0.692345 0.721567
-0.698957 0.715164
-0.689523 0.724264
-0.688009 0.725703
-0.715299 0.698819
0.666033 0.745922
-0.638922 0.769272
-0.690999 0.722856
0.668578 0.743642
0.703499 0.710696
0.73226 0.681025
0.761741 0.647882
0.780639 0.624982
0.795252 0.606278
0.805299 0.59287
0.812373 0.583138
0.817934 0.575312
0.820808 0.571204
0.820306 0.571925
0.835236 0.549892
0.831453 0.555596
0.820669 0.571404
0.80301 0.595965
0.778604 0.627515
0.747606 0.664142
0.374298 0.927309
0.31356 0.949568
0.267672 0.96351
0.239822 0.970817
0.230673 0.973031
0.236208 0.971703
0.255196 0.966889
0.307522 0.951541
0.324931 0.945738
0.345734 0.938333
0.367712 0.92994
0.389123 0.921186
0.409025 0.912523
0.43575 0.900068
0.463974 0.885849
0.500794 0.865566
0.531499 0.847059
0.565126 0.825004
-0.52601 0.850478
-0.560981 0.827829
-0.57313 0.819465
-0.55978 0.828641
-0.569664 0.821877
-0.571944 0.820293
-0.556283 0.830993
-0.537248 0.843424
-0.527514 0.849546
-0.531133 0.847288
-0.532454 0.846459
-0.558809 0.829296
-0.598707 0.800968
0.566122 0.824321
0.60568 0.795708
0.636719 0.771096
0.666961 0.745093
0.681994 0.731358
0.699278 0.71485
0.707401 0.706813
0.708249 0.705963
0.708057 0.706155
0.704766 0.70944
0.696394 0.71766
0.707359 0.706855
0.69501 0.719
0.674343 0.738419
0.644037 0.764994
0.604098 0.79691
0.554605 0.832114
-0.77676 0.629797
-0.919541 0.392995
-0.974545 0.224191
-0.998059 0.0622723
-0.996391 -0.084881
-0.976903 -0.213682
-0.945831 -0.324658
-0.91689 -0.39914
-0.878913 -0.476982
-0.841797 -0.539795
-0.809603 -0.586978
-0.78679 -0.61722
-0.771055 -0.636769
-0.775997 -0.630736
-0.777988 -0.628279
-0.812909 -0.58239
-0.867991 -0.496581
-0.938913 -0.344154
0.981136 -0.19332
0.986403 0.164345
0.84962 0.527395
0.661452 0.749988
0.489818 0.871825
0.342521 0.93951
0.21043 0.977609
0.0874402 0.99617
-0.0257143 0.999669
-0.127278 0.991867
-0.21387 0.976862
-0.287147 0.957887
-0.348305 0.937381
0.309443 0.950918
0.350219 0.936668
0.377794 0.92589
0.401571 0.915828
0.404038 0.914742
0.390115 0.920766
0.368338 0.929692
0.340246 0.940336
0.29849 0.954413
0.241822 0.970321
0.169175 0.985586
0.101888 0.994796
-0.00349304 0.999994
-0.126877 0.991918
-0.267738 0.963492
-0.423359 0.905962
-0.586779 0.809747
-0.887803 0.460223
-0.985515 0.169587
-0.999587 -0.0287387
-0.979383 -0.202012
-0.938256 -0.345941
-0.887075 -0.461625
-0.832653 -0.553796
-0.792295 -0.610138
-0.743099 -0.669182
-0.700091 -0.714054
-0.665469 -0.746426
-0.641339 -0.767257
-0.623598 -0.781746
-0.614458 -0.788949
-0.616463 -0.787384
-0.64013 -0.768267
-0.670233 -0.742151
-0.714041 -0.700104
0.703878 -0.710321
0.777935 -0.628345
0.864571 -0.502511
0.949948 -0.312408
0.999151 -0.0411903
0.95653 0.291634
0.791319 0.611404
0.555175 0.831734
0.321619 0.946869
0.127994 0.991775
-0.021956 0.999759
-0.134961 0.990851
-0.219127 0.975696
0.189192 0.98194
0.237477 0.971393
0.26904 0.963129
0.293507 0.955957
0.293149 0.956067
0.280463 0.959865
0.258004 0.966144
0.227081 0.973876
0.18071 0.983536
0.119036 0.99289
0.0421856 0.99911
-0.027783 0.999614
-0.134766 0.990877
-0.258789 0.965934
-0.399841 0.916585
-0.552778 0.833329
-0.706097 0.708115
-0.893719 0.448627
-0.992627 0.121207
-0.995616 -0.0935402
-0.962254 -0.272154
-0.910985 -0.412439
-0.854161 -0.520009
-0.797679 -0.603082
-0.757954 -0.652309
-0.709631 -0.704574
-0.66857 -0.74365
-0.635733 -0.771909
-0.613033 -0.790057
-0.596388 -0.802697
-0.588863 -0.808233
-0.590724 -0.806874
-0.612184 -0.790715
-0.639398 -0.768876
-0.679483 -0.733692
0.662637 -0.748941
0.731152 -0.682215
0.814297 -0.580449
0.905202 -0.424982
0.9816 -0.190947
0.991625 0.129147
0.875559 0.483111
0.644254 0.764811
0.386057 0.922475
0.165686 0.986179
-0.00178941 0.999998
-0.124702 0.992194
-0.213748 0.976889
0.188078 0.982154
0.23787 0.971297
0.27005 0.962846
0.294785 0.955564
0.296327 0.955087
0.287311 0.957837
0.267266 0.963623
0.239238 0.970961
0.197002 0.980403
0.141167 0.989986
0.0701788 0.997534
0.0065311 0.999979
-0.0939161 0.99558
-0.214091 0.976814
-0.357105 0.934064
-0.520101 0.854105
-0.690362 0.723464
0.447873 0.894097
-0.998119 0.061299
-0.985825 -0.167777
-0.938547 -0.345152
-0.879052 -0.476726
-0.818929 -0.573895
-0.76255 -0.64693
-0.72538 -0.688349
-0.680021 -0.733192
-0.641658 -0.766991
-0.611148 -0.791516
-0.589986 -0.807413
-0.576828 -0.816866
-0.569437 -0.822035
-0.570743 -0.821129
-0.590417 -0.807098
-0.615509 -0.78813
-0.653096 -0.757275
0.634879 -0.772611
0.70046 -0.713692
0.782849 -0.622212
0.878464 -0.477809
0.967573 -0.252593
0.997205 0.0747113
0.890443 0.455094
0.646157 0.763205
0.367771 0.929916
0.137091 0.990558
-0.033123 0.999451
-0.153899 0.988087
-0.239207 0.970969
0.215253 0.976558
0.261971 0.965076
0.291856 0.956462
0.314666 0.949202
0.31609 0.948729
0.307605 0.951514
0.292319 0.956321
0.267164 0.963651
0.229409 0.97333
0.179422 0.983772
0.11636 0.993207
0.060878 0.998145
-0.0313562 0.999508
-0.145146 0.98941
-0.286107 0.958198
-0.456376 0.889787
-0.64693 0.762549
-0.894254 0.447559
0.425747 0.904842
-0.96826 -0.249944
-0.905437 -0.42448
-0.838416 -0.545031
-0.776743 -0.629818
-0.722551 -0.691317
-0.688654 -0.72509
-0.647004 -0.762486
-0.612679 -0.790331
-0.586011 -0.810303
-0.568144 -0.822929
-0.555431 -0.831563
-0.549059 -0.835783
-0.550453 -0.834866
-0.56806 -0.822987
-0.59073 -0.806869
-0.625074 -0.780566
0.607136 -0.794598
0.668857 -0.743391
0.749075 -0.662485
0.847886 -0.530178
0.950435 -0.310925
0.32993 -0.944006
0.448826 -0.893619
0.559866 -0.828583
0.319342 0.947639
0.0830886 0.996542
-0.0814697 0.996676
-0.193952 0.981011
-0.271706 0.96238
0.249564 0.968358
0.291105 0.956691
0.317524 0.94825
0.337544 0.94131
0.339106 0.940748
0.331946 0.943298
0.317496 0.94826
0.296903 0.954908
0.265255 0.964178
0.222593 0.974911
0.167699 0.985838
0.120298 0.992738
0.03865 0.999253
-0.0661149 0.997812
-0.202744 0.979232
-0.380129 0.924933
0.469181 0.883102
0.44751 0.894279
0.430679 0.902505
-0.934442 -0.356115
-0.85576 -0.517372
-0.784447 -0.620195
-0.724733 -0.68903
-0.675691 -0.737185
-0.646658 -0.76278
-0.610683 -0.791875
-0.581539 -0.813518
-0.559162 -0.829058
-0.544071 -0.839039
-0.533348 -0.845896
-0.528223 -0.849105
-0.529663 -0.848208
-0.544878 -0.838515
-0.564375 -0.825518
-0.594223 -0.8043
0.577919 -0.816094
0.633142 -0.774035
0.707957 -0.706256
0.806823 -0.590793
0.276244 -0.961088
0.348562 -0.937286
0.447462 -0.894303
0.541095 -0.840961
0.603383 -0.797451
0.0112675 0.999937
-0.140338 0.990104
-0.239405 0.97092
-0.306163 0.951979
0.286929 0.957952
0.321788 0.946812
0.343852 0.939024
0.3607 0.932682
0.362254 0.93208
0.356625 0.934248
0.344821 0.938669
0.327928 0.944703
0.302286 0.953217
0.267716 0.963498
0.222895 0.974842
0.184977 0.982743
0.117058 0.993125
0.0262254 0.999656
-0.0987408 0.995113
-0.274914 0.961469
0.464311 0.885672
0.447549 0.89426
0.427863 0.903843
0.411732 0.911305
-0.78528 -0.619141
-0.71666 -0.697422
-0.66415 -0.747599
-0.623366 -0.78193
-0.600369 -0.799723
-0.571525 -0.820585
-0.548594 -0.836089
-0.530934 -0.847413
-0.518507 -0.855073
-0.511034 -0.85956
-0.507586 -0.861601
-0.508919 -0.860815
-0.520935 -0.853596
-0.536299 -0.844028
-0.560264 -0.828314
0.546682 -0.837341
0.592349 -0.805681
0.656879 -0.753996
0.749542 -0.661957
0.315066 -0.94907
0.369854 -0.92909
0.447247 -0.894411
0.521387 -0.85332
0.57019 -0.821513
-0.0797864 0.996812
-0.209034 0.977908
-0.289131 0.957289
-0.341892 0.939739
0.32655 0.94518
0.353506 0.935432
0.370366 0.928886
0.383321 0.923615
0.384698 0.923043
0.380923 0.924607
0.372851 0.927891
0.359398 0.933184
0.339841 0.940483
0.313821 0.949482
0.279946 0.960016
0.251905 0.967752
0.199932 0.97981
0.128265 0.99174
0.0244874 0.9997
0.482375 0.875965
0.466916 0.884302
0.447354 0.894357
0.431143 0.902284
0.42082 0.907144
-0.693268 -0.72068
-0.636813 -0.771019
-0.596593 -0.802544
-0.56664 -0.823965
-0.55043 -0.834882
-0.530059 -0.847961
-0.514108 -0.857726
-0.501969 -0.864885
-0.494037 -0.869441
-0.488662 -0.872473
-0.486366 -0.873755
-0.487164 -0.87331
-0.495423 -0.868652
-0.506081 -0.862486
-0.523002 -0.852332
0.513213 -0.858261
0.546232 -0.837634
0.594956 -0.803758
0.335623 -0.941996
0.355837 -0.934548
0.393356 -0.919386
0.447252 -0.894408
0.499515 -0.866305
0.534084 -0.845432
0.552156 -0.833741
-0.285987 0.958233
-0.342371 0.939565
-0.378731 0.925507
0.368156 0.929764
0.386446 0.922312
0.397767 0.917487
0.406423 0.913685
0.407211 0.913334
0.40474 0.914432
0.399014 0.916945
0.390636 0.920545
0.377703 0.925927
0.360426 0.932788
0.337861 0.941196
0.319427 0.947611
0.284299 0.958736
0.234936 0.972011
0.160792 0.986988
0.473424 0.880835
0.463387 0.886156
0.44726 0.894404
0.436023 0.899936
0.430891 0.902404
-0.577282 -0.816545
-0.544121 -0.839007
-0.521732 -0.853109
-0.505554 -0.862795
-0.497064 -0.867714
-0.486444 -0.873712
-0.47829 -0.878202
-0.472102 -0.881544
-0.467996 -0.88373
-0.465168 -0.885222
-0.463986 -0.885842
-0.464493 -0.885577
-0.468768 -0.883322
-0.474322 -0.880352
-0.483168 -0.875528
0.477982 -0.87837
0.495596 -0.868553
0.522469 -0.852658
0.388845 -0.921303
0.399126 -0.916896
0.418634 -0.908155
0.447217 -0.894425
0.475306 -0.879821
0.493952 -0.869489
0.503648 -0.863909
-0.368593 0.929591
-0.397487 0.917608
-0.415961 0.909383
0.410621 0.911806
0.419806 0.907614
0.425515 0.904951
0.42987 0.902891
0.430355 0.90266
0.429104 0.903255
0.426153 0.904651
0.421924 0.906631
0.415545 0.909572
0.407073 0.913396
0.395979 0.918259
0.387004 0.922078
0.369562 0.929206
0.344853 0.938657
0.30699 0.951713
0.463502 0.886096
0.458441 0.888725
