7.8252
15.6504
4.37695
8.89307
2.31747
4.70854
-1.28296
-2.6066
-0.727048
-1.47712
-0.396686
-0.805938
-0.22543
-0.458012
-0.11891
-0.24161
-0.0673776
-0.136907
-0.039197
-0.0796459
-0.0238222
-0.048406
-0.0156608
-0.0318213
-0.00998025
-0.0202778
-0.00577026
-0.0117233
-0.00342222
-0.00695256
-0.00203155
-0.00412719
-0.00120543
-0.00244869
-0.000710201
-0.00144262
0.000430522
-0.000874482
0.000254237
-0.000516367
0.000157618
-0.000320052
9.38446e-05
-0.000190431
5.96431e-05
-0.000120764
4.38795e-05
-8.84315e-05
3.86844e-05
-7.74026e-05
4.45986e-05
-8.8593e-05
6.1266e-05
-0.00012112
9.68888e-05
-0.000191093
-0.000163024
0.000321264
-0.00026317
0.000518409
-0.000445842
0.000878055
0.000735704
0.00144871
0.00124908
0.00245939
0.00210579
0.00414595
0.00354808
0.00698571
0.00598408
0.0117824
0.0103532
0.0203863
0.0162516
0.0320035
0.0245606
0.0483686
0.0407816
0.0803152
0.0695629
0.136992
0.123139
0.242487
0.233683
0.460162
0.411376
0.810057
0.754192
1.4851
1.33128
2.62139
2.40559
4.73665
4.5449
8.94887
1.31779
2.63591
1.05813
2.11351
0.759521
1.49629
-0.334943
-1.08386
-0.240066
-0.679157
-0.16561
-0.431787
-0.106329
-0.262356
-0.063742
-0.152987
-0.0404988
-0.0939926
-0.02566
-0.0580649
-0.0165679
-0.0367887
-0.0113802
-0.0249591
-0.00745973
-0.0162217
-0.00458371
-0.00993099
-0.00277128
-0.00601215
-0.00166571
-0.00365981
-0.000983368
-0.00219711
-0.000586022
-0.00134544
0.000350511
-0.000791887
0.000202406
-0.000483299
0.000113999
-0.000297773
9.65083e-05
-0.000169947
6.20035e-05
-0.000111695
4.35703e-05
-8.18169e-05
3.5488e-05
-7.10665e-05
3.94906e-05
-8.45153e-05
5.26369e-05
-0.000117873
7.89826e-05
-0.000181469
-0.000172114
0.000273622
-0.00026902
0.000458529
-0.000429635
0.000767109
0.000736316
0.0012965
0.00118723
0.00214024
0.00196238
0.00359068
0.00320535
0.00593289
0.0052965
0.00981616
0.00867866
0.0160327
0.0134315
0.0246262
0.0197554
0.0358245
0.0313187
0.0558624
0.0510739
0.0891421
0.0840784
0.142716
0.146952
0.243973
0.247961
0.394674
0.402463
0.604465
0.671135
0.925409
0.746126
1.5156
1.0609
2.12519
0.245791
0.491682
0.223906
0.433716
0.192512
0.364662
-0.0482946
-0.313742
-0.052255
-0.225793
-0.0447625
-0.156869
-0.0341497
-0.105029
-0.0228234
-0.0658635
-0.0164997
-0.0441815
-0.0115956
-0.0293921
-0.00816837
-0.0198939
-0.00598853
-0.0142151
-0.0042034
-0.00980595
-0.00266785
-0.0061763
-0.00168371
-0.00390851
-0.0010266
-0.00244684
-0.000637636
-0.00157421
-0.000376178
-0.000984178
0.000236843
-0.000599029
0.000134733
-0.000383926
6.8992e-05
-0.000241407
8.51537e-05
-0.000131689
5.47311e-05
-8.85993e-05
3.75137e-05
-6.60457e-05
3.00107e-05
-6.01682e-05
3.04462e-05
-7.02132e-05
3.84247e-05
-9.8201e-05
5.5008e-05
-0.000149414
-0.00015421
0.000203438
-0.000230247
0.000344189
-0.000343302
0.000559147
0.000572425
0.000908815
0.000894354
0.00148418
0.0013695
0.00233791
0.00216252
0.00377374
0.00341552
0.00597466
0.00544659
0.00946771
0.00796491
0.0136492
0.0111637
0.0187358
0.0166603
0.0270979
0.0254554
0.0397438
0.0388115
0.0575212
0.0636825
0.0905763
0.0990926
0.130575
0.150029
0.178234
0.223019
0.227992
0.176774
0.374157
0.212885
0.440084
0.0559412
0.11192
0.055803
0.108028
0.0488688
0.0907397
-0.00125063
-0.0835032
-0.00789442
-0.0662067
-0.00940057
-0.0486277
-0.00870589
-0.0349253
-0.00668008
-0.0238379
-0.00546543
-0.0171527
-0.00425589
-0.0121969
-0.00326428
-0.00877166
-0.00253796
-0.00654703
-0.00192517
-0.00483146
-0.00130315
-0.00323191
-0.000861712
-0.00214629
-0.000547181
-0.00141996
-0.000341575
-0.00093663
-0.000203888
-0.000613241
0.000137918
-0.000393388
7.51333e-05
-0.000259756
3.35796e-05
-0.000166617
7.69144e-06
-0.000111445
4.17361e-05
-6.13068e-05
2.86276e-05
-4.75604e-05
2.21938e-05
-4.45569e-05
2.09166e-05
-5.19178e-05
2.42325e-05
-7.11873e-05
-8.59146e-05
7.43287e-05
-0.000115189
0.000129249
-0.000165852
0.00022026
-0.000236622
0.00035353
0.00037596
0.000542437
0.000556125
0.000853755
0.000825655
0.00131927
0.0012275
0.00202389
0.00184604
0.0030543
0.00277532
0.00455022
0.00380628
0.00611176
0.00512798
0.0079898
0.00724465
0.0107917
0.010437
0.0146638
0.0149579
0.0195173
0.0227134
0.0279235
0.0333418
0.0367986
0.0483799
0.0462041
0.0662514
0.0512821
0.0433602
0.0937944
0.0530132
0.10968
0.0130201
0.0260497
0.0127617
0.0240368
0.00674592
-0.0235121
0.00214772
-0.0207624
-0.000356173
-0.0174886
-0.00156545
-0.0142057
-0.00189597
-0.0105758
-0.00173174
-0.00791338
-0.00159817
-0.00598617
-0.00136415
-0.00446564
-0.00114539
-0.00341772
-0.000947373
-0.00266898
-0.000755639
-0.00204794
-0.000548677
-0.00146184
-0.000378751
-0.0010148
-0.000250775
-0.0007107
-0.000161913
-0.000495417
-9.43311e-05
-0.000329009
6.96299e-05
-0.000225722
3.50088e-05
-0.000149644
1.32303e-05
-0.000102197
-1.63965e-06
-7.00782e-05
2.98345e-05
-4.02293e-05
1.98892e-05
-3.13414e-05
1.49552e-05
-3.00678e-05
1.3134e-05
-3.50646e-05
1.43881e-05
-4.87342e-05
-5.80079e-05
4.15248e-05
-7.52032e-05
7.33515e-05
-0.000100671
0.00012025
-0.000141659
0.000195237
0.000210989
0.000278875
0.000305643
0.00043636
0.000427225
0.000641334
0.000597419
0.000932878
0.000858661
0.00134642
0.00121058
0.00187522
0.0015996
0.00241179
0.00208034
0.00301879
0.00276536
0.00378951
0.00383105
0.00487428
0.00529027
0.00613397
0.00732962
0.00787201
0.0104436
0.00979716
0.0138055
0.010806
0.0179329
0.010767
0.0228914
0.00873161
0.0115751
0.0246574
0.00303395
0.0060689
0.00310048
0.005763
0.0022634
-0.00553749
0.00107924
-0.00518803
0.000314559
-0.00455699
-0.000131316
-0.00381589
-0.000360634
-0.00313766
-0.000386995
-0.0023879
-0.000418683
-0.00191155
-0.000404804
-0.0015298
-0.000364002
-0.00121447
-0.000312064
-0.000964401
-0.000264167
-0.000778004
-0.00020516
-0.000592344
-0.000149788
-0.000434431
-0.000102944
-0.000320363
-6.78768e-05
-0.000233149
-4.09691e-05
-0.000167298
3.09227e-05
-0.000114872
1.51711e-05
-8.20292e-05
3.98e-06
-5.74802e-05
-3.85129e-06
-4.00954e-05
-9.65085e-06
-2.75137e-05
1.25899e-05
-1.90434e-05
9.27634e-06
-1.86762e-05
7.65123e-06
-2.1717e-05
-2.818e-05
8.9933e-06
-3.49627e-05
2.1403e-05
-4.44036e-05
3.84429e-05
-5.76201e-05
6.2631e-05
-7.4802e-05
9.56345e-05
0.000111454
0.000135987
0.000148708
0.00019832
0.000198348
0.000280364
0.000262596
0.000388375
0.000357232
0.000530016
0.000472154
0.000691475
0.000594324
0.000844156
0.000754452
0.00102334
0.000977652
0.00123889
0.00128201
0.00148738
0.001694
0.00175981
0.00230328
0.00218178
0.00298
0.00240147
0.00383731
0.00248679
0.00479557
0.0022508
0.00577482
0.0015107
0.00273455
0.00590835
0.000714686
0.00142879
0.00103224
-0.00121918
0.000675871
-0.00131663
0.000385987
-0.00128509
0.000176178
-0.00117759
3.6031e-05
-0.00101933
-4.77913e-05
-0.000859665
-7.67416e-05
-0.000695009
-0.000101895
-0.000582036
-0.000112879
-0.000497014
-0.000110751
-0.000414598
-0.000106954
-0.000363273
-9.38324e-05
-0.000300066
-7.58563e-05
-0.000235119
-5.84859e-05
-0.000183032
-4.05914e-05
-0.000138766
-2.70272e-05
-0.000104542
-1.6262e-05
-7.83972e-05
1.30893e-05
-5.62066e-05
5.92916e-06
-4.17577e-05
5.66017e-07
-2.97234e-05
-3.29365e-06
-2.14701e-05
-6.03268e-06
-1.45381e-05
-8.59684e-06
-9.81823e-06
-1.0782e-05
-5.34873e-06
-1.31239e-05
-9.24677e-07
-1.54484e-05
4.00435e-06
-1.94563e-05
1.046e-05
-2.38458e-05
1.8651e-05
-3.03821e-05
3.03834e-05
-3.77685e-05
4.50472e-05
5.38683e-05
6.11728e-05
6.84865e-05
8.5835e-05
8.78643e-05
0.00011758
0.000112572
0.000158714
0.000143603
0.000203712
0.000183839
0.000255867
0.000224588
0.000301667
0.000265316
0.000337981
0.000329907
0.000388897
0.000409009
0.000435875
0.000517673
0.000486182
0.00066343
0.000558579
0.000838838
0.000584966
0.00104674
0.000566045
0.00125472
0.000461363
0.00144769
0.00024802
0.00157375
-9.31038e-05
0.00034249
-0.000171286
0.000257484
-0.000272251
0.000184735
-0.000305784
0.000121235
-0.000317521
6.52251e-05
-0.000294231
2.6329e-05
-0.000268626
-4.25185e-07
-0.000233365
-1.28721e-05
-0.000201316
-2.37593e-05
-0.00017651
-2.97145e-05
-0.000154798
-3.20834e-05
-0.000135934
-3.21767e-05
-0.00012107
-2.96007e-05
-0.000103198
-2.56569e-05
-8.62011e-05
-2.02618e-05
-6.86924e-05
-1.48709e-05
-5.59646e-05
-9.92472e-06
-4.33739e-05
-5.97142e-06
-3.43112e-05
5.17637e-06
-2.59884e-05
2.02847e-06
-1.95475e-05
-3.53713e-07
-1.50294e-05
-2.13743e-06
-1.07133e-05
-3.52777e-06
-7.60283e-06
-4.70899e-06
-5.10746e-06
-5.80888e-06
-2.87868e-06
-6.96811e-06
-6.65586e-07
-8.29733e-06
1.79582e-06
-9.99534e-06
4.81609e-06
-1.24255e-05
8.89849e-06
-1.46452e-05
1.35886e-05
-1.7946e-05
2.00637e-05
2.41875e-05
2.57549e-05
2.90669e-05
3.44185e-05
3.61437e-05
4.5959e-05
4.29802e-05
5.78228e-05
5.35347e-05
7.23965e-05
6.43747e-05
8.52428e-05
7.6616e-05
9.73673e-05
8.91712e-05
0.000106973
0.000106307
0.000117086
0.000128238
0.000126307
0.000155851
0.000133447
0.000187988
0.000141842
0.000231454
0.000140902
0.000274517
0.000124646
0.000326039
9.35345e-05
0.000354265
3.56581e-05
0.000371269
-4.25587e-05
8.91716e-05
-4.45875e-05
7.08222e-05
-6.81717e-05
5.21302e-05
-7.55634e-05
3.56189e-05
-7.7878e-05
2.17297e-05
-7.55261e-05
1.09589e-05
-7.04938e-05
3.02265e-06
-6.3682e-05
-1.23855e-06
-5.61001e-05
-5.14291e-06
-5.23523e-05
-7.56817e-06
-4.74264e-05
-8.90866e-06
-4.308e-05
-9.11127e-06
-3.8087e-05
-9.1715e-06
-3.51747e-05
-8.16083e-06
-2.98786e-05
-6.7437e-06
-2.48963e-05
-5.11367e-06
-2.12806e-05
-3.46461e-06
-1.72036e-05
-2.04867e-06
-1.4209e-05
1.88231e-06
-1.12265e-05
6.0468e-07
-8.67928e-06
-4.0991e-07
-6.7719e-06
-1.21177e-06
-5.06472e-06
-1.90452e-06
-3.77477e-06
-2.45738e-06
-2.56506e-06
-2.98886e-06
-1.4799e-06
-3.55368e-06
-4.05778e-07
-4.20734e-06
7.69585e-07
-4.83941e-06
2.11231e-06
-5.73926e-06
3.80014e-06
-6.66619e-06
5.78039e-06
-7.94412e-06
8.35708e-06
1.02392e-05
1.02882e-05
1.17686e-05
1.32194e-05
1.40101e-05
1.69674e-05
1.5868e-05
2.03836e-05
1.89191e-05
2.44065e-05
2.24323e-05
2.82462e-05
2.47076e-05
2.98347e-05
2.88458e-05
3.27033e-05
3.3389e-05
3.45253e-05
3.90479e-05
3.57823e-05
4.50528e-05
3.54202e-05
5.33505e-05
3.62917e-05
6.33138e-05
3.38176e-05
7.35975e-05
2.80757e-05
8.36507e-05
1.8293e-05
9.1601e-05
3.66637e-06
9.68675e-05
-1.57175e-05
2.11103e-05
-1.05499e-05
1.69334e-05
-1.54331e-05
1.35115e-05
-1.79389e-05
9.92391e-06
-1.91552e-05
6.64952e-06
-1.93656e-05
3.77418e-06
-1.84141e-05
1.57808e-06
-1.74499e-05
2.3895e-07
-1.58493e-05
-9.88927e-07
-1.51479e-05
-1.83984e-06
-1.41141e-05
-2.41195e-06
-1.33606e-05
-2.72129e-06
-1.26823e-05
-2.78597e-06
-1.17106e-05
-2.57265e-06
-1.02697e-05
-2.25902e-06
-9.11303e-06
-1.68941e-06
-7.81771e-06
-1.1751e-06
-6.68982e-06
-6.59311e-07
-5.65279e-06
6.32267e-07
-4.6399e-06
1.37122e-07
-3.77242e-06
-2.76439e-07
-2.99754e-06
-6.23892e-07
-2.3593e-06
-9.36276e-07
-1.77372e-06
-1.19523e-06
-1.21964e-06
-1.45211e-06
-7.18247e-07
-1.70514e-06
-2.12924e-07
-1.99974e-06
3.29208e-07
-2.28654e-06
9.35559e-07
-2.59281e-06
1.60287e-06
-2.96672e-06
2.40567e-06
-3.36261e-06
3.32767e-06
4.15518e-06
3.95555e-06
4.66493e-06
4.98544e-06
5.24225e-06
6.05972e-06
5.91299e-06
7.26716e-06
6.61882e-06
8.17432e-06
7.60151e-06
9.15844e-06
8.37745e-06
9.64308e-06
9.1782e-06
9.88511e-06
1.02226e-05
9.98072e-06
1.15861e-05
9.93976e-06
1.30277e-05
9.48059e-06
1.50663e-05
9.33322e-06
1.71059e-05
8.11126e-06
1.95499e-05
6.3493e-06
2.13118e-05
3.58131e-06
2.24709e-05
-3.0637e-08
2.25167e-05
-4.27849e-06
5.35379e-06
-2.67428e-06
4.51826e-06
-3.83585e-06
3.69036e-06
-4.49792e-06
2.71736e-06
-4.71891e-06
1.94228e-06
-4.94478e-06
1.20954e-06
-4.87369e-06
5.9941e-07
-4.69918e-06
2.15159e-07
-4.55707e-06
-1.53476e-07
-4.31216e-06
-4.31001e-07
-4.15387e-06
-6.37895e-07
-4.09131e-06
-7.67135e-07
-4.02319e-06
-7.98679e-07
-3.69846e-06
-7.60409e-07
-3.34639e-06
-7.04089e-07
-3.12715e-06
-5.4002e-07
-2.80748e-06
-3.85078e-07
-2.56869e-06
-1.87275e-07
-2.15577e-06
1.73605e-07
-1.87068e-06
-5.17219e-08
-1.61047e-06
9.454e-08
-1.28217e-06
-1.77005e-07
-1.05531e-06
-3.8516e-07
-7.95057e-07
-5.42534e-07
-5.6244e-07
-6.70979e-07
-3.30173e-07
-7.81229e-07
-8.9548e-08
-8.74908e-07
1.76789e-07
-9.59611e-07
5.01691e-07
1.09328e-06
7.04729e-07
-1.33147e-06
9.36906e-07
-1.40234e-06
1.27384e-06
1.61975e-06
1.45359e-06
1.82639e-06
1.85632e-06
1.91714e-06
2.11649e-06
2.06455e-06
2.42842e-06
2.19328e-06
2.58959e-06
2.43563e-06
2.81229e-06
2.6922e-06
2.95735e-06
2.86569e-06
2.93997e-06
3.08414e-06
2.85551e-06
3.40184e-06
2.74787e-06
3.82723e-06
2.60219e-06
4.16112e-06
2.37161e-06
4.65692e-06
1.97912e-06
5.1438e-06
1.42796e-06
5.4191e-06
6.66613e-07
5.81912e-06
-2.47317e-07
5.77986e-06
-1.30772e-06
1.4151e-06
-7.06122e-07
1.20625e-06
-9.87885e-07
9.61716e-07
-1.10486e-06
7.62916e-07
-1.22544e-06
5.5253e-07
-1.26987e-06
3.68385e-07
-1.29402e-06
2.07065e-07
-1.29545e-06
9.30059e-08
-1.25277e-06
-1.32535e-08
-1.25361e-06
-9.89932e-08
-1.24193e-06
-1.65191e-07
-1.24553e-06
-2.0405e-07
-1.21069e-06
-2.35503e-07
-1.20898e-06
-2.46062e-07
-1.18044e-06
-2.25072e-07
-1.10224e-06
-1.72477e-07
-1.01126e-06
-1.19479e-07
-9.35704e-07
-5.61548e-08
-8.46428e-07
5.50874e-08
-7.29861e-07
-1.2205e-08
-6.39703e-07
-5.91262e-08
-5.38184e-07
-1.17925e-07
-4.4761e-07
-1.88236e-07
-3.53796e-07
-2.4842e-07
-2.49573e-07
-3.04936e-07
-1.48486e-07
-3.52757e-07
-4.28875e-08
-4.00933e-07
6.80188e-08
-4.34328e-07
1.80835e-07
-4.71759e-07
2.82387e-07
-5.24736e-07
3.8078e-07
-5.55567e-07
4.88212e-07
6.47167e-07
5.57668e-07
6.78284e-07
6.59978e-07
7.04037e-07
7.44809e-07
7.41792e-07
8.37548e-07
7.87864e-07
8.96681e-07
8.13516e-07
9.01206e-07
8.32046e-07
8.75297e-07
8.86717e-07
8.69037e-07
9.34536e-07
8.24519e-07
1.00466e-06
7.70466e-07
1.07648e-06
6.90097e-07
1.17486e-06
6.21578e-07
1.26703e-06
4.88833e-07
1.35527e-06
3.24846e-07
1.4436e-06
1.28395e-07
1.46435e-06
-1.03958e-07
1.51604e-06
-3.70047e-07
3.4529e-07
-1.70992e-07
2.89134e-07
-2.29153e-07
2.47531e-07
-2.72415e-07
2.01181e-07
-3.05159e-07
1.53266e-07
-3.2696e-07
1.07337e-07
-3.40748e-07
6.48874e-08
-3.4807e-07
3.35633e-08
-3.49098e-07
4.05485e-09
-3.64716e-07
-2.13238e-08
-3.70518e-07
-4.10036e-08
-3.70686e-07
-5.5051e-08
-3.745e-07
-6.68271e-08
-3.84795e-07
-7.21502e-08
-3.85655e-07
-6.70695e-08
-3.67183e-07
-5.30988e-08
-3.56526e-07
-3.46881e-08
-3.28152e-07
-1.41858e-08
-3.14717e-07
1.40969e-08
-2.83734e-07
-1.14104e-08
-2.52844e-07
-3.60079e-08
-2.19753e-07
-6.11224e-08
-1.8159e-07
-8.91999e-08
-1.46066e-07
-1.1441e-07
-1.04555e-07
-1.41949e-07
-6.45617e-08
-1.58154e-07
-1.92068e-08
-1.77139e-07
2.56959e-08
-1.89307e-07
6.92554e-08
-2.05225e-07
1.12214e-07
-2.1689e-07
1.51421e-07
-2.25922e-07
1.8991e-07
2.50416e-07
2.07242e-07
2.47424e-07
2.3042e-07
2.57737e-07
2.60897e-07
2.56129e-07
2.76732e-07
2.66149e-07
2.90066e-07
2.66899e-07
2.83477e-07
2.64449e-07
2.66688e-07
2.7225e-07
2.55667e-07
2.84306e-07
2.40285e-07
2.97348e-07
2.18419e-07
3.07388e-07
1.88409e-07
3.2361e-07
1.61737e-07
3.41952e-07
1.22461e-07
3.57537e-07
7.67444e-08
3.68254e-07
2.4822e-08
3.69732e-07
-3.2286e-08
3.6065e-07
-9.19237e-08
9.26107e-08
-4.20981e-08
8.2969e-08
-5.88407e-08
6.92994e-08
-6.79241e-08
5.63871e-08
-7.57118e-08
4.45269e-08
-8.29018e-08
3.26424e-08
-8.7814e-08
2.14797e-08
-9.17177e-08
1.28774e-08
-9.47566e-08
4.72273e-09
-9.8933e-08
-2.45264e-09
-1.02237e-07
-8.41678e-09
-1.06398e-07
-1.29662e-08
-1.11207e-07
-1.64711e-08
-1.14107e-07
-1.82427e-08
-1.15237e-07
-1.76316e-08
-1.15378e-07
-1.36203e-08
-1.16081e-07
-7.75695e-09
-1.1068e-07
-3.65496e-10
-1.04761e-07
-9.15615e-10
-1.00157e-07
-1.07189e-08
-8.74362e-08
-2.18565e-08
-7.87338e-08
-3.35579e-08
-6.70398e-08
-4.42434e-08
-5.14377e-08
-5.5981e-08
-3.6171e-08
-6.68692e-08
-1.97774e-08
-7.55721e-08
-2.21347e-09
-8.27149e-08
1.54742e-08
-9.10327e-08
3.35407e-08
-9.44613e-08
4.94435e-08
-9.50674e-08
6.28713e-08
-1.00133e-07
7.86632e-08
1.03198e-07
8.00011e-08
1.02495e-07
8.87547e-08
1.01815e-07
9.56127e-08
9.64299e-08
9.66859e-08
9.37086e-08
9.52413e-08
9.15781e-08
9.12924e-08
8.94525e-08
8.52353e-08
8.84931e-08
7.90498e-08
8.88804e-08
7.20055e-08
9.03449e-08
6.41316e-08
9.20411e-08
5.50595e-08
9.34431e-08
4.58496e-08
9.59835e-08
3.4048e-08
9.83024e-08
2.12201e-08
9.88461e-08
7.12565e-09
9.9648e-08
-7.92909e-09
9.97357e-08
-2.42519e-08
3.25258e-08
5.3905e-10
2.87084e-08
-3.39204e-09
2.61161e-08
-6.16917e-09
2.22287e-08
-8.023e-09
1.89326e-08
-9.55154e-09
1.57152e-08
-1.05442e-08
1.26253e-08
-1.11393e-08
9.90546e-09
-1.12507e-08
7.78036e-09
-1.17371e-08
5.91448e-09
-1.19528e-08
4.34757e-09
-1.20634e-08
3.21041e-09
-1.18209e-08
2.19577e-09
-1.23071e-08
1.59501e-09
-1.22253e-08
1.73344e-09
-1.19289e-08
2.82089e-09
-1.14192e-08
4.68914e-09
-1.0302e-08
7.08523e-09
-8.73948e-09
-9.61623e-09
-8.03186e-09
-1.37911e-08
-6.20093e-09
-1.82875e-08
-4.17885e-09
-2.39108e-08
-1.82951e-09
-2.99199e-08
1.67757e-09
-3.711e-08
5.71711e-09
-4.3375e-08
1.05394e-08
-4.95828e-08
1.62513e-08
-5.3744e-08
2.19696e-08
-5.8343e-08
2.82122e-08
-6.12726e-08
3.40601e-08
-6.43386e-08
4.01918e-08
-6.41782e-08
4.42835e-08
6.63274e-08
4.36029e-08
6.55796e-08
4.66369e-08
6.19791e-08
4.69343e-08
5.76408e-08
4.62646e-08
5.34755e-08
4.38748e-08
4.87799e-08
4.02017e-08
4.58347e-08
3.72393e-08
4.40671e-08
3.48344e-08
4.23712e-08
3.19342e-08
4.08846e-08
2.87794e-08
3.97575e-08
2.55689e-08
3.79618e-08
2.25712e-08
3.68489e-08
1.89812e-08
3.586e-08
1.54039e-08
3.48787e-08
1.18703e-08
3.47258e-08
8.63578e-09
3.28316e-08
5.20465e-09
3.96962e-08
4.20137e-08
3.90352e-08
4.07082e-08
3.59963e-08
4.09239e-08
3.33882e-08
4.2014e-08
3.03257e-08
4.2838e-08
2.81553e-08
4.52146e-08
2.58901e-08
4.768e-08
2.37038e-08
5.22477e-08
2.22304e-08
5.38139e-08
2.19635e-08
5.82853e-08
2.12952e-08
6.13432e-08
2.02969e-08
6.27164e-08
2.01031e-08
6.81403e-08
1.98308e-08
7.38962e-08
1.91595e-08
7.63848e-08
1.82137e-08
7.80256e-08
1.8346e-08
7.99338e-08
1.86496e-08
7.99503e-08
-2.2842e-08
7.48114e-08
-2.47127e-08
7.16927e-08
-2.76204e-08
6.73902e-08
-3.11034e-08
6.0637e-08
-3.79301e-08
5.76458e-08
-4.38635e-08
5.19657e-08
-5.21224e-08
4.90198e-08
-6.08405e-08
4.74071e-08
-7.14456e-08
4.86966e-08
-7.73839e-08
4.83551e-08
-8.69669e-08
5.18487e-08
-9.24645e-08
5.43777e-08
-9.53733e-08
5.65004e-08
1.02207e-07
5.48985e-08
1.00477e-07
5.5786e-08
9.62806e-08
5.52686e-08
9.23266e-08
5.55395e-08
8.79031e-08
5.45666e-08
8.0017e-08
5.14882e-08
7.31587e-08
4.85863e-08
7.03907e-08
4.77087e-08
6.65602e-08
4.61347e-08
6.17215e-08
4.38411e-08
5.93906e-08
4.32103e-08
5.33355e-08
4.2168e-08
4.97336e-08
4.1686e-08
4.61939e-08
4.11459e-08
4.41708e-08
4.18951e-08
4.16891e-08
4.21641e-08
3.97999e-08
4.31022e-08
1.31262e-07
1.72093e-07
1.32191e-07
1.74723e-07
1.19025e-07
1.73104e-07
1.10355e-07
1.78316e-07
1.02421e-07
1.84765e-07
9.64762e-08
1.94816e-07
8.67938e-08
1.97739e-07
7.74306e-08
2.08163e-07
7.48513e-08
2.18961e-07
7.08044e-08
2.24898e-07
6.88302e-08
2.35959e-07
6.62684e-08
2.42413e-07
6.35595e-08
2.52546e-07
6.11769e-08
2.66939e-07
5.73654e-08
2.70987e-07
5.17618e-08
2.6905e-07
4.7931e-08
2.63083e-07
4.33914e-08
2.45145e-07
-5.28725e-08
2.36503e-07
-5.145e-08
2.13434e-07
-5.51315e-08
1.96898e-07
-6.18001e-08
1.78698e-07
-7.02797e-08
1.55818e-07
-8.4718e-08
1.39876e-07
-1.0119e-07
1.24742e-07
-1.22288e-07
1.15868e-07
-1.43024e-07
1.09239e-07
-1.68721e-07
1.10052e-07
-1.8868e-07
1.10975e-07
-2.05669e-07
1.13841e-07
-2.27685e-07
1.23148e-07
2.3797e-07
1.16488e-07
2.53408e-07
1.26444e-07
2.56694e-07
1.31677e-07
2.55359e-07
1.37163e-07
2.48571e-07
1.38828e-07
2.31728e-07
1.35767e-07
2.19522e-07
1.34485e-07
2.1292e-07
1.35324e-07
2.0218e-07
1.34324e-07
1.94502e-07
1.35817e-07
1.84247e-07
1.35643e-07
1.70998e-07
1.40863e-07
1.65038e-07
1.48513e-07
1.53125e-07
1.50597e-07
1.44256e-07
1.5569e-07
1.36409e-07
1.61901e-07
1.34004e-07
1.74335e-07
5.08626e-07
6.77125e-07
5.03079e-07
6.857e-07
4.58423e-07
6.92736e-07
4.12229e-07
6.92666e-07
3.77832e-07
7.09018e-07
3.40945e-07
7.18123e-07
3.05923e-07
7.2944e-07
2.62454e-07
7.36513e-07
2.47127e-07
7.63841e-07
2.31615e-07
7.85235e-07
2.17012e-07
8.0161e-07
2.05744e-07
8.19721e-07
1.91131e-07
8.24748e-07
1.67936e-07
8.0497e-07
1.57869e-07
8.26518e-07
1.35585e-07
7.82104e-07
1.19662e-07
7.31322e-07
1.08913e-07
6.87198e-07
-1.21188e-07
6.27611e-07
-1.18026e-07
5.67568e-07
-1.20988e-07
4.99628e-07
-1.32572e-07
4.36157e-07
-1.52932e-07
3.78989e-07
-1.78426e-07
3.2124e-07
-2.17857e-07
2.83092e-07
-2.67399e-07
2.58372e-07
-3.32078e-07
2.52341e-07
-3.94384e-07
2.50912e-07
-4.6009e-07
2.59399e-07
-5.27422e-07
2.77106e-07
-5.84939e-07
2.98074e-07
6.46006e-07
3.03147e-07
6.84868e-07
3.26043e-07
7.28237e-07
3.55391e-07
7.62843e-07
3.88586e-07
7.35621e-07
3.90538e-07
7.43837e-07
4.16279e-07
7.31077e-07
4.27035e-07
7.11618e-07
4.33983e-07
6.92018e-07
4.44137e-07
6.69487e-07
4.55064e-07
6.42176e-07
4.64526e-07
6.21163e-07
5.02439e-07
5.9866e-07
5.31264e-07
5.78241e-07
5.62953e-07
5.51968e-07
5.90577e-07
5.38552e-07
6.34423e-07
5.18993e-07
6.75037e-07
1.97361e-06
2.63077e-06
1.85662e-06
2.62914e-06
1.73515e-06
2.72332e-06
1.56677e-06
2.7263e-06
1.39596e-06
2.70989e-06
1.23227e-06
2.69123e-06
1.07659e-06
2.67112e-06
8.9912e-07
2.61854e-06
8.18347e-07
2.65546e-06
7.521e-07
2.70532e-06
6.64595e-07
2.63095e-06
6.01527e-07
2.58862e-06
5.44651e-07
2.58789e-06
4.74325e-07
2.51276e-06
4.11409e-07
2.38412e-06
3.49132e-07
2.20951e-06
3.11642e-07
2.071e-06
2.73313e-07
1.85463e-06
-2.7911e-07
1.61815e-06
-2.73024e-07
1.45109e-06
-2.68332e-07
1.2089e-06
-2.9225e-07
1.03025e-06
-3.31331e-07
8.5971e-07
-3.99725e-07
7.3918e-07
-4.78223e-07
6.27979e-07
-6.10878e-07
5.87908e-07
-7.4969e-07
5.599e-07
-9.29003e-07
5.73707e-07
-1.11164e-06
6.03893e-07
-1.34814e-06
6.79267e-07
-1.50987e-06
7.33917e-07
1.7424e-06
7.95799e-07
1.94157e-06
8.94377e-07
2.06317e-06
9.68939e-07
2.21094e-06
1.07666e-06
2.31067e-06
1.17027e-06
2.35234e-06
1.2539e-06
2.32467e-06
1.30301e-06
2.35333e-06
1.38015e-06
2.38092e-06
1.47525e-06
2.33259e-06
1.53858e-06
2.29492e-06
1.62082e-06
2.28094e-06
1.79489e-06
2.24816e-06
1.94359e-06
2.21578e-06
2.10258e-06
2.18148e-06
2.26929e-06
2.13019e-06
2.42871e-06
2.0045e-06
2.51738e-06
8.22356e-06
1.0962e-05
7.47177e-06
1.08532e-05
6.7384e-06
1.08601e-05
6.01084e-06
1.07872e-05
5.17273e-06
1.0407e-05
4.45329e-06
1.01378e-05
3.78444e-06
9.84855e-06
3.15428e-06
9.60122e-06
2.72455e-06
9.34053e-06
2.3504e-06
9.07465e-06
2.029e-06
8.76457e-06
1.79816e-06
8.53282e-06
1.54926e-06
8.18338e-06
1.31219e-06
7.74818e-06
1.0908e-06
7.03985e-06
9.14392e-07
6.33811e-06
7.74386e-07
5.54204e-06
6.84135e-07
4.89391e-06
-6.40225e-07
4.10264e-06
-6.01024e-07
3.45367e-06
-6.03197e-07
2.88191e-06
-6.40964e-07
2.36579e-06
-7.18167e-07
1.91955e-06
-8.64829e-07
1.61794e-06
-1.07013e-06
1.40903e-06
-1.33637e-06
1.27993e-06
-1.67673e-06
1.23215e-06
-2.13892e-06
1.29095e-06
-2.65807e-06
1.40651e-06
-3.22109e-06
1.57118e-06
-3.84724e-06
1.79697e-06
4.61042e-06
2.06637e-06
5.21771e-06
2.33873e-06
5.95264e-06
2.6998e-06
6.5792e-06
3.06643e-06
7.19054e-06
3.47409e-06
7.51694e-06
3.81257e-06
7.74296e-06
4.13144e-06
7.9087e-06
4.42713e-06
8.1118e-06
4.82535e-06
8.2495e-06
5.25751e-06
8.38504e-06
5.7527e-06
8.40844e-06
6.40198e-06
8.48515e-06
7.11626e-06
8.54037e-06
7.88126e-06
8.67363e-06
8.79381e-06
8.54289e-06
9.51328e-06
8.3316e-06
1.02135e-05
3.16167e-05
4.21389e-05
2.96504e-05
4.40159e-05
2.61141e-05
4.32655e-05
2.25889e-05
4.2027e-05
1.9617e-05
4.12079e-05
1.64549e-05
3.92837e-05
1.34342e-05
3.68568e-05
1.05765e-05
3.3934e-05
8.86488e-06
3.25492e-05
7.20208e-06
3.0294e-05
6.0104e-06
2.87823e-05
5.26519e-06
2.80131e-05
4.33826e-06
2.58757e-05
3.38688e-06
2.26619e-05
2.75147e-06
2.0068e-05
2.27516e-06
1.7372e-05
1.90371e-06
1.46247e-05
1.67643e-06
1.2477e-05
-1.49868e-06
1.04821e-05
-1.33682e-06
8.18224e-06
-1.35453e-06
6.76506e-06
-1.36769e-06
5.21644e-06
-1.52159e-06
4.15027e-06
-1.83498e-06
3.46741e-06
-2.30814e-06
3.04308e-06
-2.86637e-06
2.72947e-06
-3.63242e-06
2.63901e-06
-4.72867e-06
2.80786e-06
-6.2579e-06
3.2476e-06
-7.65857e-06
3.64288e-06
-9.87411e-06
4.46332e-06
1.17835e-05
5.20988e-06
1.38261e-05
6.04586e-06
1.64121e-05
7.19106e-06
1.89094e-05
8.41916e-06
2.12456e-05
9.7655e-06
2.40699e-05
1.15827e-05
2.58057e-05
1.3051e-05
2.62789e-05
1.39704e-05
2.73613e-05
1.55369e-05
2.88269e-05
1.76442e-05
2.94645e-05
1.95551e-05
3.14682e-05
2.31234e-05
3.29951e-05
2.67362e-05
3.40138e-05
3.03517e-05
3.40212e-05
3.34701e-05
3.42587e-05
3.72207e-05
3.39958e-05
4.08163e-05
0.000132101
0.000176028
0.000115836
0.000175418
0.000101433
0.000173157
8.7112e-05
0.000168274
7.13309e-05
0.000156939
5.80462e-05
0.000146805
4.59086e-05
0.000134936
3.57717e-05
0.000122801
2.8112e-05
0.000112173
2.21678e-05
0.00010323
1.75741e-05
9.47398e-05
1.41353e-05
8.608e-05
1.14474e-05
7.92844e-05
8.75502e-06
6.81037e-05
6.84385e-06
5.74347e-05
5.64659e-06
4.78559e-05
4.69329e-06
3.86863e-05
4.08508e-06
3.14295e-05
-3.21043e-06
2.43527e-05
-2.98461e-06
1.9167e-05
-2.88761e-06
1.48238e-05
-2.92711e-06
1.13393e-05
-3.21505e-06
8.92444e-06
-3.72502e-06
7.17011e-06
-4.46549e-06
5.89386e-06
-5.9435e-06
5.58682e-06
-7.82558e-06
5.63056e-06
-1.02925e-05
6.06974e-06
-1.37382e-05
7.04861e-06
-1.79877e-05
8.40048e-06
-2.30268e-05
1.01147e-05
2.97378e-05
1.30032e-05
3.66995e-05
1.56772e-05
4.54408e-05
1.92331e-05
5.45123e-05
2.31406e-05
6.44485e-05
2.8054e-05
7.46561e-05
3.38679e-05
8.05315e-05
3.84044e-05
8.6772e-05
4.36181e-05
9.31309e-05
5.01852e-05
9.9488e-05
5.81243e-05
0.000106438
6.78132e-05
0.000115723
8.12672e-05
0.000124131
9.65256e-05
0.000130513
0.000112385
0.000137304
0.000130961
0.000138231
0.000146267
0.000136419
0.000160708
0.000517795
0.000689869
0.000462043
0.00071638
0.000394997
0.000696576
0.00032953
0.000665028
0.000266575
0.000619669
0.000207148
0.00055959
0.000159327
0.000505998
0.000118277
0.000438774
8.6746e-05
0.000382259
6.508e-05
0.000342778
4.84194e-05
0.00030261
3.70817e-05
0.000267344
2.782e-05
0.000232257
2.11313e-05
0.000196955
1.58326e-05
0.00015702
1.30581e-05
0.000124736
1.09795e-05
9.7623e-05
9.47004e-06
7.50766e-05
-6.91417e-06
5.67409e-05
-6.53437e-06
4.3626e-05
-6.15602e-06
3.21366e-05
-6.05716e-06
2.36789e-05
-6.39613e-06
1.7907e-05
-7.20702e-06
1.39242e-05
-8.81674e-06
1.16499e-05
-1.15422e-05
1.08389e-05
-1.57152e-05
1.12648e-05
-2.151e-05
1.26422e-05
-2.98175e-05
1.51991e-05
-4.10239e-05
1.88856e-05
-5.38257e-05
2.30299e-05
7.11348e-05
3.08003e-05
9.28786e-05
3.87389e-05
0.000118946
4.85367e-05
0.000149904
6.04945e-05
0.000187693
7.71274e-05
0.000220612
9.38262e-05
0.000252788
0.000113067
0.0002812
0.000132858
0.000312276
0.000158811
0.000338474
0.000187743
0.000383415
0.000233541
0.000437819
0.00029265
0.000477363
0.00035452
0.000519846
0.000429441
0.000547382
0.000503956
0.000561509
0.000577787
0.000565227
0.000651525
0.00218551
0.00291318
0.00185251
0.00294006
0.00153591
0.00280057
0.00126119
0.00266658
0.000998667
0.00246543
0.000735098
0.00213947
0.000525152
0.00182735
0.000373742
0.00152851
0.000261777
0.00130368
0.000179886
0.00110113
0.000126612
0.00094878
9.01518e-05
0.00080042
6.42232e-05
0.000670199
4.4062e-05
0.000518885
3.2632e-05
0.000401706
2.84183e-05
0.000313919
2.43704e-05
0.000236336
2.12683e-05
0.000174128
-1.43964e-05
0.000128143
-1.34997e-05
9.31229e-05
-1.24553e-05
6.5325e-05
-1.21734e-05
4.74361e-05
-1.20699e-05
3.37701e-05
-1.33533e-05
2.5799e-05
-1.62171e-05
2.14525e-05
-2.13709e-05
2.01104e-05
-2.96285e-05
2.12863e-05
-4.30796e-05
2.53996e-05
-6.06326e-05
3.08708e-05
-8.77103e-05
3.99048e-05
-0.000121932
5.08472e-05
0.000165218
7.07923e-05
0.000225515
9.1654e-05
0.000300613
0.000117817
0.00038562
0.000147023
0.000497359
0.00019168
0.00064002
0.000254602
0.000760148
0.000317062
0.000891053
0.000393301
0.00100714
0.00048035
0.00117057
0.000611685
0.00134344
0.000775474
0.0015946
0.00100832
0.00184075
0.00130016
0.00208375
0.00164666
0.00220606
0.00195664
0.00225927
0.0022588
0.00230499
0.00260191
0.00920775
0.0122731
0.00779767
0.0125025
0.00625135
0.0117385
0.00485088
0.010758
0.00358966
0.00948832
0.00258956
0.00824235
0.00170435
0.00662458
0.00113662
0.00523165
0.000742959
0.00430243
0.000468263
0.00346325
0.000293153
0.00278222
0.000197158
0.00232136
0.000129977
0.00185793
8.8463e-05
0.00142968
6.44774e-05
0.00104461
5.60913e-05
0.000736804
5.11411e-05
0.0005479
4.41281e-05
0.000375042
-2.78247e-05
0.000270302
-2.57155e-05
0.000182598
-2.42717e-05
0.000126963
-2.30085e-05
8.85109e-05
-2.23043e-05
6.1756e-05
-2.36569e-05
4.55961e-05
-2.82944e-05
3.74717e-05
-3.7726e-05
3.56441e-05
-5.4097e-05
3.9203e-05
-8.02849e-05
4.77281e-05
-0.000117819
6.01051e-05
-0.000172213
7.75513e-05
-0.000257984
0.00010482
0.000356459
0.000150925
0.000524602
0.000207378
0.00070899
0.000266324
0.0010091
0.000362591
0.0013803
0.000496153
0.00178896
0.000659268
0.00222776
0.00085854
0.00260335
0.00106451
0.00320148
0.00142108
0.00391404
0.00191257
0.00464511
0.00252375
0.00584464
0.00346995
0.00716895
0.00478252
0.00810012
0.00609997
0.00897514
0.00767192
0.00952782
0.00929291
0.0098272
0.0109893
0.0379226
0.0505467
0.0310876
0.0511165
0.0246066
0.0483002
0.0183097
0.043248
0.0125804
0.0361814
0.008335
0.0296299
0.00518478
0.0231966
0.00319781
0.0171098
0.0018996
0.0133617
0.00109191
0.0103728
0.000613033
0.00801805
0.000361904
0.00636865
0.000214309
0.00485246
0.000132375
0.00341678
9.98696e-05
0.0024074
0.000101782
0.00167446
9.50466e-05
0.00115083
8.76376e-05
0.00078143
-4.83282e-05
0.000519474
-4.78097e-05
0.000350398
-4.44693e-05
0.000232281
-3.92807e-05
0.000148748
-3.79226e-05
0.000103252
-3.87347e-05
7.40983e-05
-4.56681e-05
6.05518e-05
-6.11703e-05
5.82685e-05
-9.02117e-05
6.62179e-05
-0.000134688
8.08566e-05
-0.000215454
0.000110058
-0.000330824
0.000147333
-0.000497255
0.000196447
0.000744149
0.000310408
0.00110616
0.000423825
0.00162024
0.00058075
0.00234191
0.000788771
0.00332157
0.00110849
0.00469267
0.00159458
0.00613593
0.00217158
0.007652
0.00287751
0.0097158
0.00397429
0.0122118
0.00552312
0.0152574
0.00772233
0.0206869
0.0114043
0.0260793
0.01628
0.0312452
0.0222289
0.036463
0.0297352
0.0395587
0.0372035
0.0404261
0.0441941
0.160352
0.213739
0.129065
0.219412
0.0985599
0.203803
0.066824
0.169991
0.0432198
0.137474
0.0262021
0.106296
0.0148981
0.0790885
0.00839679
0.0541624
0.00436793
0.0394394
0.00210358
0.0281427
0.00096432
0.0204234
0.000437253
0.015028
0.000214211
0.0114546
0.000115261
0.00768912
0.000107568
0.00513925
0.000153565
0.00342639
0.000158041
0.00223178
0.000151146
0.00143557
-7.71551e-05
0.000938582
-7.91871e-05
0.000603632
-7.21092e-05
0.000375776
-6.47401e-05
0.000240509
-5.92584e-05
0.000158532
-5.74218e-05
0.000108683
-6.85247e-05
9.09641e-05
-8.94484e-05
8.61232e-05
-0.000138093
0.000102726
-0.000217215
0.000131919
-0.000348153
0.000178119
-0.000570247
0.000250523
-0.000900541
0.000344734
0.00136915
0.000560407
0.00215317
0.000796513
0.00333689
0.00113703
0.00505299
0.00158819
0.00760202
0.00233939
0.01111
0.00346376
0.0146044
0.00471997
0.019575
0.00672037
0.0264062
0.0098849
0.0364539
0.0151555
0.0491485
0.0229961
0.0716041
0.0363767
0.094839
0.0549934
0.120228
0.0802084
0.144997
0.112117
0.168656
0.152165
0.174994
0.185766
0.720243
0.960126
0.558783
0.986158
0.379697
0.833712
0.237342
0.658445
0.137254
0.49158
0.0732555
0.348907
0.0367082
0.242144
0.0188386
0.155364
0.00807694
0.10395
0.00302611
0.0702646
0.000815604
0.0473336
2.47009e-05
0.033665
-0.000187876
0.0232575
-0.000113587
0.015148
6.39874e-06
0.00946828
0.000170918
0.00605643
0.000218606
0.0037834
0.000226982
0.00234948
-0.00010218
0.00146068
-0.000110773
0.000889496
-0.000106823
0.000558543
-9.5003e-05
0.000346948
-8.17877e-05
0.000213914
-8.09139e-05
0.000151016
-9.12886e-05
0.000121318
-0.000123811
0.000120816
-0.000185581
0.000140376
-0.000312448
0.000191733
-0.000516703
0.000264038
-0.000840236
0.00036267
-0.0014029
0.000517613
0.00223882
0.00089407
0.00364681
0.00129554
0.00588678
0.00189758
0.00927031
0.00270864
0.0148457
0.00420593
0.0228049
0.00644663
0.0328925
0.00961331
0.0455429
0.0141334
0.0670516
0.0227239
0.0974311
0.036816
0.142843
0.0611488
0.22218
0.103049
0.315337
0.1685
0.435265
0.270497
0.568369
0.414152
0.697898
0.601169
0.795748
0.817964
3.607
4.80923
2.32688
4.33125
1.38702
3.27705
0.757512
2.3277
0.378022
1.5605
0.174004
1.01071
0.0709227
0.622562
0.0313509
0.363422
0.0100086
0.228629
0.00151821
0.140433
-0.00117358
0.0889711
-0.00168597
0.0596679
-0.0013859
0.0403598
-0.000781364
0.0243755
-0.000316269
0.0149489
9.05558e-05
0.00913325
0.000229847
0.00538399
0.00027823
0.003258
-0.000111133
0.00199501
-0.000135508
0.00117297
-0.000132487
0.00070374
-0.0001179
0.000424992
-0.000104722
0.000268056
-9.9436e-05
0.000183265
-0.000107703
0.000143278
-0.000149726
0.000147884
-0.000231635
0.000178027
-0.000381812
0.000236165
-0.000650785
0.000330274
-0.0011096
0.000467371
-0.00192196
0.000678396
0.00311219
0.00120307
0.00521104
0.00176367
0.00893065
0.00269999
0.0147623
0.00396686
0.0241757
0.00621448
0.0401222
0.0102151
0.0585465
0.0152868
0.0863114
0.0239349
0.134521
0.0408128
0.217156
0.0737819
0.338433
0.131208
0.578637
0.242751
0.924775
0.451588
1.39778
0.802971
2.03016
1.3841
2.76614
2.25593
3.51248
3.45228
24.1365
32.182
10.4503
19.9434
4.4406
11.1379
1.8706
6.36474
0.745163
3.60473
0.275072
2.04088
0.0859518
1.1286
0.0304204
0.600561
0.00322019
0.345246
-0.00438781
0.201201
-0.00526775
0.121115
-0.00441799
0.0787619
-0.00302073
0.0501842
-0.00167973
0.0300503
-0.000750041
0.0174346
-9.78936e-05
0.0103568
0.000156605
0.00608964
0.000264513
0.00369982
-8.67108e-05
0.00221193
-0.000137249
0.00132388
-0.000138844
0.000761991
-0.000130338
0.000468887
-0.000113522
0.000286036
-0.000105723
0.00019211
-0.000119424
0.000159016
-0.000156317
0.000156459
-0.000246345
0.000191594
-0.000420566
0.000260534
-0.000704826
0.000352602
-0.00125453
0.000511267
-0.00213683
0.000714974
0.00353995
0.00131262
0.00590514
0.00188785
0.0101446
0.00285419
0.017238
0.00423145
0.0298066
0.00691161
0.0498028
0.0113231
0.0781519
0.018104
0.118703
0.0290805
0.194858
0.0522461
0.330091
0.099628
0.565478
0.196488
1.06272
0.399786
1.89248
0.84008
3.27218
1.73545
5.62297
3.60136
9.51245
7.43118
16.3304
15.7231
3.81197
5.08345
2.36979
4.87245
1.28632
3.61575
0.620148
2.50298
0.263815
1.65493
0.0912786
1.03762
0.0201036
0.647977
0.00337071
0.375376
-0.00684524
0.230559
-0.00823983
0.142794
-0.00698761
0.0916587
-0.00538213
0.0622457
-0.00344458
0.0391757
-0.00202819
0.0248534
-0.000999502
0.0150196
-0.000280328
0.0090824
3.42229e-05
0.00551034
0.000178194
0.00328257
-3.95336e-05
0.0019821
-0.000105314
0.0011945
-0.000123676
0.000719743
-0.000118067
0.000430795
-0.000107286
0.000268478
-0.000101027
0.00018196
-0.00011054
0.00014705
-0.000147624
0.000149053
-0.000230705
0.000180422
-0.000386347
0.000237474
-0.000666908
0.000325335
-0.00113549
0.000442577
-0.00192262
0.000602485
0.00315174
0.00110768
0.00536556
0.00160084
0.00893893
0.0023099
0.0149343
0.0032969
0.0248203
0.00509041
0.0392021
0.00778346
0.0622889
0.0124605
0.090723
0.0191135
0.139049
0.0319881
0.22128
0.0574654
0.356715
0.107528
0.617469
0.201084
0.975182
0.380015
1.52376
0.720981
2.24323
1.30459
3.13095
2.26228
4.03994
3.6639
0.803001
1.07097
0.504743
1.11515
0.293187
0.941288
0.14569
0.734643
0.0587241
0.542122
0.0141476
0.376958
-0.00433831
0.254144
-0.00569461
0.162211
-0.00759998
0.10796
-0.00677337
0.0715291
-0.00531214
0.0484929
-0.00402914
0.0344769
-0.0027789
0.0240616
-0.00163119
0.015433
-0.000871206
0.00975178
-0.00032088
0.00608203
-5.83074e-05
0.00391397
8.15745e-05
0.00239032
2.85694e-06
0.00146033
-6.23903e-05
0.000910282
-8.83568e-05
0.000566566
-9.23363e-05
0.000350011
-8.93956e-05
0.000225743
-8.45246e-05
0.000151991
-9.02682e-05
0.000120384
-0.000123129
0.000124628
-0.000193958
0.000150804
-0.000314483
0.000189236
-0.000526775
0.000247003
-0.000869048
0.000319384
-0.00142323
0.000412043
0.0023045
0.000758282
0.00382673
0.00105446
0.00600949
0.00141385
0.00973208
0.00191889
0.0154645
0.00278952
0.0241556
0.00411579
0.0345883
0.005844
0.0481028
0.00848596
0.0701944
0.0134472
0.105504
0.0228669
0.156252
0.0396822
0.245311
0.0670366
0.35911
0.119565
0.506181
0.209159
0.66743
0.347265
0.824841
0.547473
0.93192
0.799527
0.175695
0.234336
0.102362
0.243101
0.0604506
0.227605
0.0279158
0.191523
0.00828783
0.153441
-0.00180571
0.115767
-0.00561709
0.0836136
-0.00462479
0.057328
-0.00462758
0.0414248
-0.00390286
0.0296134
-0.00303504
0.0212491
-0.00235485
0.0159954
-0.001668
0.0116608
-0.00103807
0.00788795
-0.00060497
0.00532405
-0.0002641
0.00344348
-8.79199e-05
0.00226908
1.48973e-05
0.00147535
2.58266e-05
0.000951234
-2.70558e-05
0.00061597
-5.1458e-05
0.000385882
-5.94374e-05
0.000242459
-6.14104e-05
0.000160285
-6.13537e-05
0.000111674
-7.03917e-05
9.39347e-05
-9.05572e-05
9.08109e-05
-0.000138115
0.000104991
-0.000218845
0.000126555
-0.000360776
0.000159552
-0.000591548
0.000201096
-0.000932487
0.000244724
0.00143017
0.000432865
0.00223002
0.000557748
0.00341939
0.000719048
0.00533925
0.000920163
0.00794502
0.00122471
0.0117733
0.00167946
0.0161549
0.00223665
0.021255
0.00303656
0.0293825
0.00452293
0.0407732
0.00710641
0.0558125
0.0115076
0.0817073
0.0179928
0.111808
0.0307405
0.145368
0.0510852
0.176542
0.0807034
0.202043
0.122122
0.204975
0.16665
0.0394848
0.0526655
0.0220852
0.0590145
0.0115478
0.0556735
0.00409607
0.0490903
-0.000316226
0.0406283
-0.00240159
0.0324933
-0.00300568
0.0249448
-0.00235933
0.0183621
-0.00216129
0.0140202
-0.00179461
0.0106188
-0.00143094
0.00814851
-0.0011509
0.00650649
-0.000843006
0.00495393
-0.000544218
0.00346838
-0.000340687
0.00247034
-0.00017743
0.00174419
-7.66542e-05
0.00117943
-1.46219e-05
0.000818163
3.06781e-05
0.000549987
-4.79539e-06
0.000355059
-2.46081e-05
0.000240755
-3.37161e-05
0.000156247
-3.77501e-05
0.000105247
-4.04567e-05
7.57377e-05
-4.6806e-05
6.24952e-05
-6.16741e-05
6.04617e-05
-9.1308e-05
6.64015e-05
-0.000142162
7.70325e-05
-0.000226954
9.21672e-05
-0.000343651
0.000105309
-0.000543
0.000126063
0.000798719
0.000217595
0.00116671
0.000259615
0.00174289
0.000321621
0.00249303
0.000368662
0.00351819
0.000453594
0.00504375
0.000584197
0.00663956
0.000725405
0.00818956
0.000905256
0.01062
0.00124245
0.01393
0.00183409
0.0180796
0.00284444
0.0246934
0.00408317
0.0318553
0.00679292
0.0391371
0.0110925
0.0460519
0.0177185
0.0502795
0.0267294
0.0505009
0.0377756
0.00893736
0.0119232
0.00443758
0.0141586
0.00181788
0.0134234
0.000118002
0.0121736
-0.000823389
0.0105136
-0.00121406
0.00876518
-0.0012585
0.00707939
-0.000995791
0.00556187
-0.000875508
0.00441993
-0.000734623
0.00355206
-0.000598431
0.00286982
-0.000486864
0.00235988
-0.000367171
0.00186771
-0.000259016
0.0014148
-0.0001724
0.00105683
-0.000101017
0.000787381
-5.26669e-05
0.000561622
-1.98171e-05
0.000396045
2.43808e-05
0.00027627
4.5774e-06
0.000194487
-8.0578e-06
0.000131815
-1.56821e-05
9.09936e-05
-2.02753e-05
6.37739e-05
-2.38492e-05
4.71576e-05
-2.90288e-05
3.87783e-05
-3.87408e-05
3.63451e-05
-5.59988e-05
3.76962e-05
-8.38141e-05
4.09932e-05
-0.000125651
4.51637e-05
-0.000190064
5.06412e-05
-0.000274981
5.45654e-05
0.000389754
9.28747e-05
0.000559382
0.000107838
0.000791504
0.00012479
0.00107211
0.000131773
0.00144216
0.000149006
0.00190959
0.000172183
0.00241657
0.000195153
0.00291436
0.000229101
0.00358517
0.000287503
0.00443132
0.000392237
0.00557101
0.000596173
0.00712151
0.000770439
0.00874762
0.00128746
0.0103348
0.00215641
0.0116813
0.00353237
0.0124221
0.00552768
0.0124167
0.00827718
-0.00296601
0.00222259
-0.00283875
0.00224834
0.000146546
0.00340773
-0.000248718
0.00307582
-0.000435396
0.0026989
-0.000489739
0.00231348
-0.000465092
0.00193485
-0.000367195
0.0015788
-0.000326202
0.00134245
-0.000279228
0.00114091
-0.000233902
0.000969016
-0.000195744
0.000830194
-0.000152073
0.000681388
-0.000116115
0.000564632
-7.96149e-05
0.000425795
-4.99226e-05
0.000321411
-3.05591e-05
0.00024525
-1.60339e-05
0.000185692
1.64127e-05
0.000131867
6.57024e-06
9.66882e-05
-5.70618e-07
6.92562e-05
-5.59026e-06
4.9778e-05
-9.31988e-06
3.6314e-05
-2.24736e-05
-2.04149e-05
-2.24944e-05
-1.68319e-05
-2.60397e-05
-1.58832e-05
-3.24801e-05
1.9301e-05
-4.6641e-05
1.95134e-05
-6.69714e-05
2.0158e-05
-9.55773e-05
2.09894e-05
-0.000132404
2.1392e-05
0.000184326
3.69631e-05
0.000245886
3.97128e-05
0.000324664
4.24672e-05
0.000433263
4.32014e-05
0.000576391
4.70639e-05
0.00069671
4.51803e-05
0.000848293
4.48008e-05
0.000997521
4.71425e-05
0.0011759
5.182e-05
0.00136664
6.25465e-05
0.00159057
8.81558e-05
0.00197286
9.40497e-05
0.0023526
0.000176669
0.00271489
0.000337697
0.00303122
0.000624514
0.00324583
0.00110118
-0.00297547
0.00210853
-0.000768008
0.000575542
-0.00071274
0.000571974
-5.77697e-05
0.00085157
-0.000142248
0.000761389
-0.000174688
0.000684238
-0.000180104
0.000616061
-0.00016101
0.000523316
-0.000130257
0.000450506
-0.000116444
0.000401747
-9.92684e-05
0.000349764
-8.3295e-05
0.000303994
-7.24489e-05
0.00027429
-5.97009e-05
0.000239741
-4.62249e-05
0.000200603
-3.42829e-05
0.000161939
-2.33095e-05
0.000126748
-1.60159e-05
0.000101294
-9.7602e-06
7.66479e-05
9.8481e-06
5.96269e-05
5.3162e-06
4.4048e-05
1.97938e-06
3.35984e-05
-8.04085e-07
2.58027e-05
-1.32563e-05
-1.47878e-05
-1.20028e-05
-1.12474e-05
-1.22953e-05
-9.19708e-06
-1.42332e-05
-8.37621e-06
-1.80416e-05
-8.61813e-06
-2.47384e-05
8.08174e-06
-3.30837e-05
7.58681e-06
-4.41328e-05
7.30433e-06
-6.04528e-05
7.31566e-06
7.68179e-05
1.22002e-05
0.00010227
1.31024e-05
0.000128687
1.3231e-05
0.00016536
1.25574e-05
0.000205406
1.19286e-05
0.000246
9.95613e-06
0.000281826
7.39922e-06
0.000314807
5.34853e-06
0.000361702
2.82276e-06
0.000414753
7.54006e-07
0.000465055
1.00561e-06
0.000544627
-8.19668e-06
0.000640462
-6.06479e-07
0.000705907
2.37805e-05
0.000772172
7.68348e-05
0.000835918
0.000183784
-0.000750992
0.000525011
-0.000183237
0.000137345
-0.00016881
0.00013904
-0.000155118
0.000139243
-5.83152e-05
0.000187941
-6.2399e-05
0.000172688
-5.94316e-05
0.00015646
-5.28034e-05
0.000139787
-4.37539e-05
0.000125895
-3.87937e-05
0.000115178
-3.38122e-05
0.000105025
-2.9344e-05
9.5852e-05
-2.57762e-05
8.8167e-05
-2.18945e-05
7.97131e-05
-1.69455e-05
6.65008e-05
-1.33915e-05
5.66157e-05
-1.03876e-05
4.8615e-05
-7.76807e-06
3.99599e-05
-5.611e-06
3.23989e-05
5.25418e-06
2.49745e-05
3.59767e-06
1.97148e-05
2.19125e-06
1.5545e-05
9.207e-07
1.2421e-05
-6.32741e-06
-7.45157e-06
-6.03189e-06
-5.80221e-06
-6.3298e-06
-4.73368e-06
-7.2938e-06
-4.16269e-06
-8.98338e-06
-3.99627e-06
-1.22635e-05
2.62398e-06
-1.56455e-05
2.27437e-06
-2.00653e-05
2.08891e-06
-2.55934e-05
1.9706e-06
3.28224e-05
3.71722e-06
4.06594e-05
3.76521e-06
4.9636e-05
3.67646e-06
5.80336e-05
3.03549e-06
6.83118e-05
2.39569e-06
8.20483e-05
1.35046e-06
9.08856e-05
-5.81357e-09
9.95934e-05
-1.29191e-06
0.000109758
-3.03345e-06
0.000121016
-5.00551e-06
0.000133229
-6.82769e-06
0.000148846
-1.15954e-05
0.000166738
-1.3281e-05
0.000183293
-1.1571e-05
0.000196939
-3.33943e-06
-0.000177365
0.000110001
-0.000180981
0.000123144
-4.55151e-05
3.41338e-05
-4.29423e-05
3.57028e-05
-3.87114e-05
3.56055e-05
-2.12939e-05
4.58153e-05
-2.05303e-05
4.23211e-05
-1.85333e-05
3.89526e-05
-1.67969e-05
3.72462e-05
-1.41784e-05
3.47615e-05
-1.23146e-05
3.20794e-05
-1.11278e-05
3.10121e-05
-9.98167e-06
2.96468e-05
-8.893e-06
2.78814e-05
-7.73214e-06
2.5933e-05
-6.45881e-06
2.31322e-05
-5.33398e-06
2.03156e-05
-4.34894e-06
1.7719e-05
-3.54027e-06
1.51373e-05
-2.84486e-06
1.26782e-05
2.67807e-06
1.02558e-05
2.18834e-06
8.62278e-06
1.62522e-06
6.78875e-06
-3.18848e-06
-4.67033e-06
-2.97562e-06
-3.67247e-06
-2.93151e-06
-2.88694e-06
-3.13007e-06
-2.34048e-06
-3.60759e-06
-2.00241e-06
-4.38297e-06
-1.82917e-06
-5.40882e-06
-1.75711e-06
-7.01168e-06
3.47486e-07
-8.93581e-06
3.1968e-07
-1.06384e-05
3.06809e-07
1.30016e-05
8.27609e-07
1.55359e-05
8.49667e-07
1.82027e-05
7.97582e-07
2.09102e-05
5.80675e-07
2.38372e-05
2.91267e-07
2.67615e-05
-1.45102e-07
2.88073e-05
-7.13083e-07
3.08657e-05
-1.27421e-06
3.27914e-05
-2.01635e-06
3.44923e-05
-2.88543e-06
3.74551e-05
-3.91275e-06
4.05032e-05
-5.71402e-06
4.25907e-05
-6.89018e-06
4.63613e-05
-7.85207e-06
4.98953e-05
-7.59274e-06
-4.49194e-05
2.71101e-05
-4.60632e-05
3.10535e-05
-1.10728e-05
8.30829e-06
-1.04024e-05
8.70279e-06
-9.60721e-06
9.05512e-06
-7.00929e-06
1.06492e-05
-6.47845e-06
1.03174e-05
-5.8125e-06
9.99696e-06
-5.12784e-06
9.70505e-06
-4.44081e-06
9.47841e-06
-3.98149e-06
9.25133e-06
-3.5902e-06
9.08169e-06
-3.29063e-06
8.98272e-06
-2.9283e-06
8.50753e-06
-2.69862e-06
8.41645e-06
-2.4179e-06
7.99896e-06
-2.07662e-06
7.19739e-06
-1.7982e-06
6.44947e-06
-1.55014e-06
5.60412e-06
-1.3671e-06
4.86288e-06
1.30637e-06
4.11803e-06
1.16531e-06
3.4737e-06
1.02511e-06
2.86743e-06
-1.36023e-06
-2.13682e-06
-1.34467e-06
-1.73133e-06
-1.3811e-06
-1.38986e-06
-1.4604e-06
-1.092e-06
-1.72738e-06
-9.34443e-07
-2.04802e-06
-8.05406e-07
-2.44409e-06
-7.07788e-07
-3.05326e-06
-1.79739e-07
-3.67464e-06
-1.44694e-07
-4.33007e-06
-9.93776e-08
5.0562e-06
5.16434e-08
5.80882e-06
8.40535e-08
6.67428e-06
8.32134e-08
7.44924e-06
2.58388e-08
8.28769e-06
-7.70592e-08
8.74467e-06
-2.2987e-07
8.88425e-06
-4.25752e-07
9.42216e-06
-6.42447e-07
9.67312e-06
-9.10234e-07
1.00127e-05
-1.24621e-06
1.04064e-05
-1.62969e-06
1.07846e-05
-2.21523e-06
1.1235e-05
-2.78272e-06
1.17116e-05
-3.32514e-06
1.21594e-05
-3.73451e-06
-1.13358e-05
6.65604e-06
-1.11874e-05
7.49859e-06
-2.86045e-06
2.14624e-06
-2.78696e-06
2.34212e-06
-2.48441e-06
2.38787e-06
-2.21551e-06
2.43628e-06
-2.01575e-06
2.5313e-06
-1.78482e-06
2.55779e-06
-1.57393e-06
2.58141e-06
-1.38235e-06
2.60264e-06
-1.26455e-06
2.6515e-06
-1.13526e-06
2.63225e-06
-1.0466e-06
2.65063e-06
-9.80445e-07
2.6579e-06
-9.02069e-07
2.62e-06
-8.31983e-07
2.56258e-06
-7.65549e-07
2.43518e-06
-7.11025e-07
2.26788e-06
-6.543e-07
2.02869e-06
-6.19832e-07
1.80411e-06
6.14826e-07
1.61959e-06
5.93265e-07
1.38706e-06
5.80532e-07
1.17251e-06
-5.62703e-07
-9.45869e-07
-5.80249e-07
-7.76555e-07
-6.15727e-07
-6.27564e-07
-6.97953e-07
-5.22043e-07
-7.77253e-07
-4.14328e-07
-9.11333e-07
-3.39106e-07
-1.06963e-06
-2.75196e-07
-1.29251e-06
-2.28967e-07
-1.5015e-06
-1.81045e-07
-1.7293e-06
-1.36426e-07
1.9052e-06
-8.93004e-08
2.12658e-06
-5.92616e-08
2.36692e-06
-4.65775e-08
2.53679e-06
-5.20643e-08
2.67114e-06
-8.03284e-08
2.73952e-06
-1.31924e-07
2.7924e-06
-1.97123e-07
2.82906e-06
-2.65124e-07
2.81961e-06
-3.53625e-07
2.88145e-06
-4.73193e-07
2.8953e-06
-6.03988e-07
2.92499e-06
-7.91402e-07
2.95759e-06
-9.98301e-07
2.99335e-06
-1.22551e-06
2.95512e-06
-1.44236e-06
-2.98196e-06
1.71325e-06
-3.02348e-06
2.01765e-06
-7.37878e-07
5.5376e-07
-6.63917e-07
5.77675e-07
-6.12817e-07
6.15364e-07
-6.61701e-07
5.40468e-07
-5.93641e-07
6.01569e-07
-5.31272e-07
6.47784e-07
-4.75408e-07
6.87065e-07
-4.18008e-07
7.04518e-07
-3.89453e-07
7.46257e-07
-3.57894e-07
7.68488e-07
-3.32904e-07
7.87542e-07
-3.12903e-07
7.96927e-07
-3.04131e-07
8.29324e-07
-2.80837e-07
8.0762e-07
-2.7452e-07
8.04643e-07
-2.71445e-07
7.75548e-07
-2.69458e-07
7.25241e-07
-2.8203e-07
6.87916e-07
2.7025e-07
6.06366e-07
2.80115e-07
5.2955e-07
2.90667e-07
4.44049e-07
-2.34909e-07
-4.2019e-07
-2.47274e-07
-3.43974e-07
-2.719e-07
-2.82285e-07
-3.06239e-07
-2.29395e-07
-3.478e-07
-1.81919e-07
-4.00468e-07
-1.41244e-07
-4.70394e-07
-1.08199e-07
-5.08793e-07
-1.55293e-07
-5.87647e-07
-1.2117e-07
-6.58037e-07
-9.00876e-08
7.38728e-07
-7.84451e-08
7.69978e-07
-5.58119e-08
8.17678e-07
-4.35891e-08
8.45623e-07
-3.84558e-08
8.50262e-07
-4.38739e-08
8.79236e-07
-6.0556e-08
8.55336e-07
-7.86515e-08
8.48918e-07
-1.00238e-07
8.3526e-07
-1.29186e-07
8.22322e-07
-1.65311e-07
7.82451e-07
-2.02016e-07
7.87351e-07
-2.63163e-07
7.67798e-07
-3.28137e-07
7.41906e-07
-4.00958e-07
7.02688e-07
-4.83313e-07
-7.61031e-07
4.15693e-07
-7.39551e-07
4.75543e-07
-1.81017e-07
1.36022e-07
-1.6745e-07
1.46506e-07
-1.54633e-07
1.60751e-07
-1.87364e-07
1.13993e-07
-1.70595e-07
1.42025e-07
-1.55275e-07
1.64328e-07
-1.3792e-07
1.79556e-07
-1.28499e-07
1.98097e-07
-1.17458e-07
2.09493e-07
-1.10165e-07
2.2339e-07
-1.04425e-07
2.35491e-07
-1.00372e-07
2.45161e-07
-9.94341e-08
2.60893e-07
-9.98598e-08
2.73334e-07
-9.98766e-08
2.75375e-07
-1.0026e-07
2.6328e-07
-1.08594e-07
2.62203e-07
-1.15662e-07
2.45883e-07
1.18452e-07
2.34416e-07
1.24687e-07
1.99849e-07
1.36587e-07
1.6745e-07
-9.0322e-08
-1.76376e-07
-1.0049e-07
-1.4767e-07
-1.14722e-07
-1.22905e-07
-1.29159e-07
-9.75112e-08
-1.49805e-07
-7.68049e-08
-1.69861e-07
-5.642e-08
-1.94744e-07
-3.8814e-08
-1.98687e-07
-8.58141e-08
-2.26463e-07
-6.53496e-08
-2.57777e-07
-4.96902e-08
2.67773e-07
-4.36437e-08
2.81273e-07
-3.21791e-08
2.79909e-07
-2.37061e-08
2.91516e-07
-1.98668e-08
2.90061e-07
-2.03322e-08
2.78984e-07
-2.34192e-08
2.65713e-07
-2.88091e-08
2.55848e-07
-3.51251e-08
2.44353e-07
-4.36745e-08
2.31424e-07
-5.40573e-08
2.23441e-07
-6.75889e-08
2.09079e-07
-8.18981e-08
1.99879e-07
-1.02837e-07
1.83119e-07
-1.23748e-07
1.61075e-07
-1.47577e-07
-1.96615e-07
1.03215e-07
-1.86168e-07
1.19266e-07
-4.64452e-08
3.50472e-08
-4.39103e-08
3.94091e-08
-3.87537e-08
4.27172e-08
-5.22306e-08
2.46034e-08
-4.67265e-08
3.39075e-08
-4.32356e-08
4.26763e-08
-3.9067e-08
4.95994e-08
-3.5832e-08
5.53722e-08
-3.30519e-08
6.09228e-08
-3.14271e-08
6.75206e-08
-2.98024e-08
7.27476e-08
-2.88273e-08
7.75393e-08
-2.82567e-08
8.28876e-08
-2.88797e-08
8.9782e-08
-2.9902e-08
9.38256e-08
-3.33287e-08
9.80602e-08
-3.70359e-08
9.81876e-08
-4.08463e-08
9.28529e-08
4.06911e-08
8.71197e-08
4.68437e-08
7.76432e-08
5.3606e-08
6.43801e-08
6.04923e-08
4.64642e-08
-3.31595e-08
-6.03419e-08
-4.17836e-08
-5.07933e-08
-4.91115e-08
-3.88824e-08
-5.91266e-08
-2.90882e-08
-6.64589e-08
-1.8572e-08
-5.90762e-08
-4.83482e-08
-7.48101e-08
-3.73938e-08
-8.59853e-08
-2.75048e-08
-9.35937e-08
-1.89591e-08
9.90244e-08
-1.73743e-08
1.03215e-07
-1.20297e-08
1.02254e-07
-8.13722e-09
9.75448e-08
-5.52131e-09
9.37631e-08
-5.2309e-09
8.75069e-08
-6.13027e-09
8.31093e-08
-7.90966e-09
7.8293e-08
-9.88159e-09
7.34185e-08
-1.26075e-08
6.67018e-08
-1.55819e-08
6.18443e-08
-1.94734e-08
5.75793e-08
-2.41052e-08
5.23458e-08
-2.99294e-08
4.50763e-08
-3.56173e-08
3.77727e-08
-4.34016e-08
-5.15554e-08
2.55224e-08
-4.98635e-08
3.13705e-08
-6.97886e-09
5.726e-09
-5.4434e-09
7.39526e-09
-9.20821e-09
3.60871e-09
-8.40225e-09
7.46221e-09
-6.94859e-09
1.0642e-08
-5.4798e-09
1.37036e-08
-3.97929e-09
1.69888e-08
-2.61401e-09
1.98747e-08
-1.26863e-09
2.31294e-08
1.22874e-10
2.53853e-08
1.43089e-09
2.83498e-08
2.55361e-09
3.08452e-08
3.83607e-09
3.5231e-08
4.94881e-09
3.83278e-08
5.75556e-09
4.25942e-08
5.46068e-09
4.52386e-08
4.67242e-09
4.63268e-08
3.23732e-09
4.70291e-08
-4.05572e-09
4.40962e-08
-8.23776e-10
4.14466e-08
3.137e-09
3.58239e-08
7.68161e-09
2.80075e-08
7.25531e-09
-2.10017e-08
1.22143e-09
-1.47217e-08
-4.92146e-09
-8.67725e-09
-1.08729e-08
-2.35915e-09
-1.66706e-08
3.57105e-09
-2.20396e-08
-7.28777e-09
-2.9265e-08
-3.01558e-09
-3.44557e-08
1.05619e-09
-3.69041e-08
4.59475e-09
3.96336e-08
4.79486e-09
3.91965e-08
6.67418e-09
3.84204e-08
7.86236e-09
3.63503e-08
8.40189e-09
3.30384e-08
7.76467e-09
3.08579e-08
6.88528e-09
2.74627e-08
5.54015e-09
2.53242e-08
4.42346e-09
2.29762e-08
3.09874e-09
2.11733e-08
1.73256e-09
1.86637e-08
1.90446e-10
1.64125e-08
-1.36119e-09
1.37875e-08
-3.17074e-09
1.13159e-08
-4.99572e-09
8.67873e-09
-6.88806e-09
5.20537e-09
-8.3315e-09
-8.24195e-09
3.91002e-09
1.61237e-08
-1.07135e-08
1.78164e-08
-8.98376e-09
1.71781e-08
1.16176e-08
1.86302e-08
1.20968e-08
2.04115e-08
1.34878e-08
2.205e-08
1.52977e-08
2.43996e-08
1.80067e-08
2.66966e-08
2.16913e-08
2.93506e-08
2.43573e-08
3.23923e-08
2.74601e-08
3.56355e-08
3.0835e-08
3.89526e-08
3.41853e-08
4.22459e-08
3.81549e-08
4.74296e-08
4.36892e-08
5.03701e-08
4.80419e-08
5.25902e-08
5.24706e-08
5.39143e-08
5.55341e-08
5.36772e-08
5.74151e-08
-5.63094e-08
5.30982e-08
-5.21509e-08
5.17482e-08
-4.82058e-08
5.14391e-08
-3.97663e-08
4.73407e-08
-3.15983e-08
4.43191e-08
4.4958e-08
9.70995e-09
3.61054e-08
1.61556e-08
2.76175e-08
2.24734e-08
-1.36829e-08
3.22857e-08
-1.5877e-08
3.25499e-08
-1.91385e-08
3.49389e-08
-2.09216e-08
3.55696e-08
-2.27121e-08
3.74294e-08
2.65201e-08
3.64188e-08
2.6136e-08
3.6695e-08
2.49557e-08
3.62131e-08
2.28207e-08
3.5206e-08
2.06036e-08
3.38313e-08
1.80742e-08
3.07914e-08
1.60536e-08
2.89551e-08
1.43159e-08
2.68967e-08
1.26614e-08
2.51892e-08
1.10728e-08
2.35119e-08
9.65791e-09
2.20774e-08
7.35437e-09
2.07001e-08
5.70714e-09
1.94179e-08
4.54778e-09
1.87943e-08
3.79152e-09
1.81426e-08
3.78472e-09
1.80056e-08
1.43451e-08
-1.22803e-08
4.94111e-08
7.11746e-08
6.79382e-08
5.5007e-08
7.56683e-08
5.00035e-08
7.99178e-08
4.66358e-08
8.51641e-08
4.72402e-08
9.19801e-08
5.09773e-08
9.67058e-08
5.53833e-08
1.0369e-07
6.53e-08
1.08018e-07
6.90029e-08
1.16756e-07
7.63741e-08
1.23735e-07
8.30253e-08
1.30501e-07
8.9764e-08
1.38968e-07
9.89487e-08
1.49056e-07
1.09914e-07
1.60442e-07
1.22135e-07
1.6135e-07
1.29221e-07
1.62368e-07
1.35382e-07
1.59341e-07
1.39488e-07
-1.64877e-07
1.26968e-07
-1.49456e-07
1.23084e-07
-1.34933e-07
1.21669e-07
-1.16961e-07
1.19607e-07
-9.30751e-08
1.12581e-07
-7.47175e-08
1.12176e-07
-5.39626e-08
1.04016e-07
-4.25874e-08
1.0286e-07
-3.50527e-08
9.66061e-08
-3.47758e-08
9.89816e-08
-3.55533e-08
1.00114e-07
-3.71873e-08
1.02455e-07
-3.96093e-08
1.08309e-07
4.93736e-08
1.06285e-07
4.83628e-08
1.07569e-07
4.63828e-08
1.07498e-07
4.35042e-08
1.08199e-07
3.90844e-08
1.02892e-07
3.44253e-08
9.72671e-08
3.05832e-08
9.34504e-08
2.79294e-08
9.11861e-08
2.51906e-08
8.87363e-08
2.23175e-08
8.52813e-08
2.06489e-08
8.4652e-08
1.53394e-08
8.17074e-08
1.32909e-08
8.1365e-08
1.23964e-08
7.93486e-08
1.37507e-08
7.91831e-08
1.85497e-08
8.0823e-08
2.66746e-08
7.97517e-08
2.01855e-07
2.84823e-07
2.63469e-07
2.32501e-07
2.86655e-07
2.09992e-07
3.03902e-07
1.96018e-07
3.2227e-07
1.93671e-07
3.36183e-07
1.97203e-07
3.42782e-07
2.03788e-07
3.53322e-07
2.28728e-07
3.7212e-07
2.42247e-07
3.96771e-07
2.62266e-07
4.05394e-07
2.73449e-07
4.28588e-07
2.95284e-07
4.42213e-07
3.15119e-07
4.52983e-07
3.36094e-07
4.73717e-07
3.64666e-07
4.77173e-07
3.90013e-07
4.46866e-07
3.84269e-07
4.22895e-07
3.86528e-07
-4.23554e-07
3.42787e-07
-3.80773e-07
3.34265e-07
-3.28322e-07
3.19094e-07
-2.77496e-07
3.06359e-07
-2.2349e-07
2.88535e-07
-1.74771e-07
2.69662e-07
-1.36864e-07
2.53161e-07
-1.11921e-07
2.39377e-07
-1.0096e-07
2.33727e-07
-9.90543e-08
2.36566e-07
-1.01044e-07
2.43868e-07
-1.06109e-07
2.60032e-07
-1.09523e-07
2.76299e-07
1.37371e-07
2.80334e-07
1.36541e-07
2.9397e-07
1.38328e-07
3.15568e-07
1.27748e-07
3.1696e-07
1.17451e-07
3.10531e-07
1.07882e-07
3.08371e-07
9.93516e-08
3.05686e-07
9.23032e-08
3.00116e-07
8.70985e-08
3.00949e-07
8.07261e-08
2.95531e-07
7.66595e-08
2.92888e-07
6.2612e-08
2.94484e-07
6.06539e-08
3.03084e-07
6.34631e-08
3.0655e-07
7.32e-08
3.07515e-07
9.40049e-08
3.12021e-07
1.26645e-07
3.13039e-07
8.1714e-07
1.13359e-06
9.82797e-07
9.2506e-07
1.0846e-06
8.63985e-07
1.13492e-06
8.0064e-07
1.18265e-06
7.7428e-07
1.2067e-06
7.64072e-07
1.22973e-06
7.78878e-07
1.2333e-06
8.40054e-07
1.28503e-06
8.7357e-07
1.32418e-06
9.09082e-07
1.35159e-06
9.43305e-07
1.38127e-06
9.82254e-07
1.42018e-06
1.04403e-06
1.42355e-06
1.09057e-06
1.39955e-06
1.11714e-06
1.29515e-06
1.10628e-06
1.22205e-06
1.10784e-06
1.10999e-06
1.08077e-06
-1.07826e-06
9.38627e-07
-9.46523e-07
9.02509e-07
-7.81243e-07
8.30092e-07
-6.3019e-07
7.5861e-07
-5.0745e-07
7.02785e-07
-3.93333e-07
6.27155e-07
-3.25212e-07
5.84152e-07
-2.76334e-07
5.32984e-07
-2.67294e-07
5.27367e-07
-2.68274e-07
5.3277e-07
-2.85419e-07
5.73923e-07
-3.06823e-07
6.39095e-07
-3.17088e-07
6.95701e-07
3.96239e-07
7.2894e-07
4.03699e-07
7.96943e-07
4.0098e-07
8.50055e-07
3.99171e-07
9.29638e-07
3.87773e-07
9.66539e-07
3.68396e-07
9.90756e-07
3.43153e-07
9.87606e-07
3.30555e-07
9.97026e-07
3.20078e-07
1.01326e-06
3.10631e-07
1.02408e-06
3.05697e-07
1.02983e-06
2.71171e-07
1.06777e-06
2.74695e-07
1.10267e-06
3.00013e-07
1.14233e-06
3.48626e-07
1.16602e-06
4.34978e-07
1.19536e-06
5.42402e-07
1.1752e-06
3.27017e-06
4.47194e-06
3.99313e-06
3.87131e-06
4.16402e-06
3.50897e-06
4.28973e-06
3.25325e-06
4.37431e-06
3.0895e-06
4.36551e-06
2.96939e-06
4.39603e-06
2.96432e-06
4.33121e-06
3.10549e-06
4.38207e-06
3.11854e-06
4.39219e-06
3.14423e-06
4.45388e-06
3.23027e-06
4.44401e-06
3.27506e-06
4.51037e-06
3.43012e-06
4.3308e-06
3.43488e-06
4.02141e-06
3.33078e-06
3.64276e-06
3.24548e-06
3.36809e-06
3.2041e-06
2.87983e-06
2.96346e-06
-2.67417e-06
2.48537e-06
-2.26773e-06
2.31948e-06
-1.85907e-06
2.12208e-06
-1.46469e-06
1.88758e-06
-1.15145e-06
1.68344e-06
-8.79029e-07
1.43735e-06
-7.08177e-07
1.23633e-06
-6.61072e-07
1.16506e-06
-6.75754e-07
1.1733e-06
-7.05717e-07
1.21418e-06
-7.67281e-07
1.34051e-06
-8.24146e-07
1.50514e-06
-8.72825e-07
1.69946e-06
1.10952e-06
1.86686e-06
1.18942e-06
2.17234e-06
1.19688e-06
2.36753e-06
1.21229e-06
2.64865e-06
1.24698e-06
2.91819e-06
1.2407e-06
3.1248e-06
1.18044e-06
3.15908e-06
1.17658e-06
3.27325e-06
1.16492e-06
3.36606e-06
1.17457e-06
3.49224e-06
1.21269e-06
3.63195e-06
1.14089e-06
3.84389e-06
1.19833e-06
4.02578e-06
1.34518e-06
4.26931e-06
1.56781e-06
4.45193e-06
1.90273e-06
4.62321e-06
2.37438e-06
4.77647e-06
1.26045e-05
1.70146e-05
1.5111e-05
1.50761e-05
1.56325e-05
1.39456e-05
1.60418e-05
1.30571e-05
1.62005e-05
1.2316e-05
1.58796e-05
1.15793e-05
1.58546e-05
1.13648e-05
1.50632e-05
1.13628e-05
1.48763e-05
1.11011e-05
1.48241e-05
1.10845e-05
1.48459e-05
1.12033e-05
1.44502e-05
1.10485e-05
1.3555e-05
1.06807e-05
1.24562e-05
1.0192e-05
1.14637e-05
9.83216e-06
1.01899e-05
9.42905e-06
8.90083e-06
8.82085e-06
7.46807e-06
8.03096e-06
-6.78678e-06
6.66223e-06
-5.47147e-06
5.92639e-06
-4.27441e-06
5.16068e-06
-3.2463e-06
4.39444e-06
-2.47007e-06
3.72951e-06
-1.92567e-06
3.15728e-06
-1.61432e-06
2.74266e-06
-1.49899e-06
2.48726e-06
-1.54642e-06
2.44544e-06
-1.69596e-06
2.61043e-06
-1.92042e-06
2.99919e-06
-2.15947e-06
3.54892e-06
-2.39057e-06
4.23227e-06
3.03228e-06
4.75932e-06
3.30298e-06
5.65833e-06
3.51044e-06
6.53735e-06
3.6206e-06
7.46207e-06
3.75388e-06
8.31703e-06
3.93663e-06
9.28099e-06
4.07762e-06
1.0156e-05
4.19166e-06
1.07704e-05
4.25872e-06
1.1258e-05
4.41918e-06
1.18965e-05
4.71156e-06
1.26592e-05
4.73559e-06
1.39029e-05
5.10453e-06
1.47012e-05
5.85454e-06
1.58895e-05
6.79662e-06
1.67322e-05
8.019e-06
1.74204e-05
9.59737e-06
1.80666e-05
4.9804e-05
6.63722e-05
5.68739e-05
5.96424e-05
5.88821e-05
5.57214e-05
6.11306e-05
5.31281e-05
6.1086e-05
4.96778e-05
5.98487e-05
4.65229e-05
5.68972e-05
4.3227e-05
5.30318e-05
4.20529e-05
5.15344e-05
4.02928e-05
4.95235e-05
3.86591e-05
4.75789e-05
3.74182e-05
4.58745e-05
3.65283e-05
4.30306e-05
3.51656e-05
3.86352e-05
3.28244e-05
3.30532e-05
2.93776e-05
2.8161e-05
2.69844e-05
2.32633e-05
2.38732e-05
1.93728e-05
2.15687e-05
-1.67984e-05
1.72459e-05
-1.30091e-05
1.47178e-05
-9.52222e-06
1.19526e-05
-7.29509e-06
1.01819e-05
-5.34122e-06
8.21312e-06
-4.10711e-06
6.7128e-06
-3.53825e-06
5.82841e-06
-3.2621e-06
5.11984e-06
-3.46773e-06
5.0766e-06
-3.98539e-06
5.64705e-06
-4.49757e-06
6.46531e-06
-5.41391e-06
8.21473e-06
-6.24058e-06
1.02488e-05
8.13749e-06
1.20937e-05
8.94392e-06
1.45188e-05
1.00709e-05
1.77592e-05
1.088e-05
2.11577e-05
1.21985e-05
2.53481e-05
1.3157e-05
2.90694e-05
1.37831e-05
3.18568e-05
1.44213e-05
3.42601e-05
1.53254e-05
3.72305e-05
1.65631e-05
4.06373e-05
1.8147e-05
4.41436e-05
1.90604e-05
4.96519e-05
2.1836e-05
5.52828e-05
2.51437e-05
5.98769e-05
2.92797e-05
6.3798e-05
3.36171e-05
6.56776e-05
3.94124e-05
6.80087e-05
0.000207867
0.00027397
0.0002396
0.000255674
0.000239347
0.000234951
0.000239265
0.000218461
0.000232691
0.000200294
0.0002225
0.000183494
0.00020673
0.000166284
0.000186668
0.000155437
0.000178008
0.000145857
0.000162783
0.000132866
0.000150932
0.000123869
0.00013844
0.000114852
0.000128716
0.000109202
0.000111089
9.78219e-05
9.47819e-05
8.71522e-05
7.7856e-05
7.6971e-05
6.08498e-05
6.43051e-05
4.7833e-05
5.46876e-05
-4.02514e-05
4.28453e-05
-2.93929e-05
3.43139e-05
-2.16408e-05
2.78541e-05
-1.55961e-05
2.21349e-05
-1.14002e-05
1.76013e-05
-8.69807e-06
1.40962e-05
-7.0661e-06
1.12974e-05
-6.9575e-06
1.03648e-05
-7.48547e-06
1.03283e-05
-8.67692e-06
1.1529e-05
-1.04649e-05
1.41412e-05
-1.259e-05
1.80025e-05
-1.5475e-05
2.39448e-05
2.04607e-05
2.9137e-05
2.39363e-05
3.71383e-05
2.85969e-05
4.80488e-05
3.22279e-05
5.93614e-05
3.64027e-05
7.12932e-05
4.10799e-05
8.51299e-05
4.37716e-05
9.41436e-05
4.85043e-05
0.000106725
5.38516e-05
0.000120506
6.13039e-05
0.000137776
6.899e-05
0.000153087
7.63273e-05
0.00017837
8.98717e-05
0.000203738
0.000105646
0.000226727
0.00012497
0.000248898
0.00014638
0.000266676
0.000173617
0.000286478
0.000804596
0.00104935
0.00090124
0.000995643
0.000924465
0.000949805
0.000913831
0.000879282
0.000877587
0.00079963
0.000817737
0.000715101
0.000758227
0.00064542
0.000657692
0.000574556
0.00059538
0.000511859
0.000544633
0.000465919
0.000485246
0.000416501
0.000438866
0.00037984
0.000391238
0.000346303
0.000325556
0.00029722
0.00025551
0.000242869
0.00020219
0.000205753
0.000155013
0.000167944
0.000116064
0.000135336
-9.24073e-05
0.000101264
-6.615e-05
7.89434e-05
-4.77614e-05
6.23391e-05
-3.34122e-05
4.76611e-05
-2.28338e-05
3.50336e-05
-1.73626e-05
2.7557e-05
-1.43656e-05
2.22676e-05
-1.37842e-05
1.97715e-05
-1.48729e-05
1.95503e-05
-1.85302e-05
2.34433e-05
-2.31729e-05
2.99326e-05
-2.86387e-05
3.91552e-05
-3.62059e-05
5.33976e-05
4.98618e-05
6.86598e-05
6.16785e-05
9.20291e-05
7.56069e-05
0.00012148
8.91645e-05
0.000155899
0.000110013
0.000203223
0.000129641
0.000250471
0.000144829
0.000289962
0.000163825
0.000333778
0.000189366
0.000390519
0.000218434
0.000451024
0.000259495
0.000528372
0.000303615
0.00064116
0.000359227
0.000734697
0.000432369
0.00084115
0.000514844
0.0009379
0.000604408
0.00101927
0.000689218
0.00107002
0.00342467
0.00442182
0.00370948
0.00420029
0.00379738
0.00403701
0.00360911
0.00362402
0.00339367
0.0032484
0.00309808
0.0028547
0.00274175
0.00245948
0.00225525
0.00206486
0.0019973
0.0018011
0.00173095
0.00155236
0.00152637
0.00137174
0.00132891
0.00120276
0.00112552
0.00103492
0.000855509
0.000810686
0.000669416
0.000658329
0.00050883
0.000532233
0.000375357
0.000415499
0.000269721
0.000318967
-0.000207588
0.000232841
-0.000145749
0.000176499
-9.75674e-05
0.000127941
-6.62631e-05
9.38262e-05
-4.60303e-05
6.93989e-05
-3.2512e-05
5.03251e-05
-2.73578e-05
4.10757e-05
-2.53559e-05
3.5054e-05
-2.92285e-05
3.71026e-05
-3.59401e-05
4.4116e-05
-4.67251e-05
5.84667e-05
-6.29093e-05
8.31321e-05
-8.18728e-05
0.0001161
0.000114992
0.000154169
0.000149597
0.000215584
0.000192223
0.000295978
0.000238649
0.000396028
0.000298359
0.000520105
0.000382203
0.000694351
0.000452809
0.000842902
0.000532208
0.00100545
0.000631223
0.00120339
0.000768561
0.00146394
0.000933243
0.00175379
0.00116351
0.00224753
0.00144225
0.00270168
0.00176721
0.00316723
0.00213856
0.00362608
0.00259631
0.00412474
0.00295266
0.00437159
0.0144909
0.018539
0.0152187
0.017531
0.0150853
0.0165063
0.0144749
0.0151064
0.0130663
0.0130874
0.0115813
0.0112188
0.00975783
0.00922089
0.00771336
0.00740116
0.00658951
0.00623266
0.00556191
0.00522585
0.00459391
0.0043172
0.00379685
0.00358555
0.00306415
0.0029422
0.00229856
0.00226525
0.00170366
0.00173325
0.00122158
0.00131107
0.00086958
0.000980395
0.000603084
0.000719932
-0.000431292
0.000492791
-0.000293137
0.000357719
-0.000195358
0.000255182
-0.000124966
0.000174211
-8.5705e-05
0.000125854
-6.02973e-05
9.04369e-05
-4.80339e-05
6.97803e-05
-4.57988e-05
6.13978e-05
-5.23945e-05
6.50192e-05
-6.53729e-05
7.86863e-05
-9.10996e-05
0.000111827
-0.000124645
0.000160805
-0.000169535
0.000232684
0.0002526
0.000331481
0.000343572
0.000479843
0.000460892
0.000681395
0.000611459
0.000963277
0.000809182
0.00132812
0.00107001
0.00181892
0.0013331
0.00232132
0.00164589
0.00289485
0.00207169
0.00366331
0.00260529
0.00459298
0.00329072
0.00572726
0.00429355
0.0076237
0.00557431
0.00963198
0.0070095
0.0116709
0.00880165
0.0139994
0.0105473
0.0159196
0.012365
0.0176371
0.0609529
0.0772796
0.0633527
0.0740833
0.0616958
0.0691427
0.0576586
0.0622284
0.0512926
0.053553
0.0441391
0.0447942
0.0347932
0.034556
0.0263779
0.0264782
0.0211941
0.0210001
0.0164599
0.0162143
0.0127587
0.0125798
0.0104494
0.010345
0.00803272
0.00806214
0.00589806
0.00604453
0.00409498
0.00430672
0.00272305
0.00299395
0.00190828
0.00218525
0.00122677
0.00147241
-0.000868095
0.00100624
-0.000548593
0.000671197
-0.000355104
0.000459115
-0.000231132
0.000315114
-0.000148969
0.000212028
-0.000101947
0.00014744
-7.92286e-05
0.000111212
-7.49431e-05
9.78473e-05
-8.68013e-05
0.000105847
-0.000115515
0.000137746
-0.000159829
0.000194306
-0.000228006
0.000289104
-0.000337723
0.000451046
0.000501348
0.000646751
0.0007432
0.00100905
0.00102099
0.0014522
0.00147429
0.0022085
0.00209153
0.00323656
0.0028345
0.00450834
0.00371019
0.00601677
0.00468876
0.00766578
0.00624614
0.0102617
0.00842867
0.0138077
0.0112397
0.0182066
0.0154289
0.025349
0.021341
0.0342743
0.0275144
0.0428647
0.0349452
0.0525329
0.0429944
0.0620517
0.0515449
0.0710576
0.268144
0.337291
0.288004
0.337053
0.264364
0.300982
0.236225
0.262098
0.200453
0.217096
0.156238
0.165699
0.118115
0.123263
0.0839874
0.088247
0.0623362
0.0648158
0.0458057
0.0474138
0.0349272
0.036156
0.0262789
0.0272738
0.0193517
0.0202959
0.0130044
0.0138726
0.00857929
0.00933222
0.00573593
0.00645419
0.00370463
0.0042998
0.0023592
0.00283817
-0.00154889
0.00181539
-0.000981016
0.00119836
-0.000598381
0.000762483
-0.000377231
0.000500508
-0.000234267
0.000321082
-0.000157449
0.000218346
-0.000119765
0.00016215
-0.000111703
0.000142711
-0.000129446
0.000156646
-0.000179133
0.000213328
-0.000258623
0.000313273
-0.000396713
0.00049719
-0.000593973
0.000775145
0.000936629
0.00119158
0.00141614
0.00187309
0.00212765
0.00291419
0.00308342
0.00438995
0.00462011
0.00673671
0.0068554
0.0102178
0.00937194
0.014172
0.0126719
0.0192702
0.0173378
0.02645
0.0246515
0.0375303
0.0351406
0.0530372
0.0513421
0.0782441
0.073453
0.110192
0.103787
0.15242
0.1375
0.19698
0.177129
0.247026
0.226785
0.30715
1.12558
1.40185
1.25772
1.48753
1.14737
1.33371
0.953968
1.08988
0.737418
0.828956
0.537931
0.596259
0.38216
0.41871
0.249143
0.273883
0.166907
0.182117
0.116334
0.126497
0.0803653
0.0873604
0.0581554
0.0633276
0.0395372
0.0433597
0.0261276
0.0289189
0.0164767
0.0184926
0.0102777
0.0118088
0.00636262
0.00746824
0.00390462
0.00469648
-0.00241651
0.00285709
-0.00150071
0.00182471
-0.000905419
0.00113274
-0.000546667
0.000702772
-0.000342202
0.000449622
-0.000223837
0.000296638
-0.000165721
0.000216203
-0.000153005
0.000191889
-0.000179388
0.000217124
-0.000246511
0.000295519
-0.000375471
0.000455922
-0.000590108
0.000733937
-0.000912853
0.00116727
0.00150471
0.00189273
0.00238453
0.0030801
0.00376586
0.00498207
0.0058966
0.00801006
0.00925707
0.0127875
0.0139504
0.0194911
0.0205696
0.0290151
0.0289292
0.0409606
0.0428569
0.0607964
0.0639351
0.0905516
0.0988451
0.139164
0.156712
0.221804
0.235071
0.329143
0.35015
0.483701
0.504375
0.685804
0.69932
0.934713
0.927169
1.21748
5.26043
6.47794
6.2306
7.43919
5.15909
6.10564
3.78383
4.43798
2.54279
2.95778
1.66266
1.92011
1.03903
1.19263
0.612285
0.703743
0.384374
0.440032
0.241233
0.275579
0.154534
0.176491
0.105714
0.120846
0.0701422
0.0804628
0.0423935
0.048875
0.0255823
0.0296927
0.015436
0.0181269
0.00916064
0.0108732
0.00554883
0.00666754
-0.00329225
0.0039223
-0.00196669
0.00237633
-0.00117717
0.0014428
-0.000702203
0.000872589
-0.000434902
0.00054666
-0.000283083
0.000357755
-0.000201024
0.000252412
-0.000187132
0.000230877
-0.000217251
0.000264058
-0.000301955
0.000365965
-0.000470503
0.000574567
-0.000755502
0.00093423
-0.00123146
0.00154445
0.00208705
0.00259665
0.00338472
0.00426774
0.00561814
0.00716829
0.0091669
0.0118489
0.015058
0.0196182
0.0247744
0.0324748
0.0372699
0.0490814
0.0548501
0.0723816
0.0857648
0.113276
0.137893
0.181925
0.224495
0.295285
0.386295
0.509296
0.639713
0.838857
1.0292
1.34079
1.64979
2.1329
2.52622
3.23876
3.75577
4.77487
21.7311
26.4132
42.3641
50.837
22.6262
27.1514
12.1493
14.5791
6.75478
8.10565
3.74129
4.48945
2.05045
2.46048
1.06041
1.27249
0.612786
0.735336
0.35128
0.421521
0.210153
0.252157
0.14142
0.16967
0.0879497
0.105507
0.0505524
0.0606421
0.0298223
0.0357731
0.017594
0.0211041
0.0102782
0.0123285
0.00618638
0.00742039
-0.00377592
0.00452912
-0.00217023
0.00260321
-0.00133535
0.0016019
-0.00078002
0.000935942
-0.000471071
0.000565726
-0.000307568
0.000370133
-0.000228629
0.000276274
-0.000199736
0.000242898
-0.000226457
0.000277091
-0.000322892
0.000396554
-0.000520271
0.000639958
-0.000824621
0.00101495
-0.00141812
0.00174583
0.00230676
0.00284007
0.00380818
0.00468876
0.0064766
0.0079742
0.0108989
0.0134189
0.0183218
0.0225575
0.0315749
0.0388743
0.0502352
0.0618415
0.0734191
0.0903883
0.120681
0.14858
0.208291
0.256457
0.35522
0.437384
0.674766
0.830819
1.20812
1.48748
2.13571
2.62947
3.7527
4.62021
6.81646
8.39216
12.4378
15.3129
5.32952
6.39394
6.18227
7.45621
5.06633
6.16463
3.67534
4.51269
2.4425
3.02413
1.57628
1.96585
0.983443
1.23398
0.588537
0.737451
0.366975
0.461682
0.22974
0.28964
0.145737
0.183764
0.0995162
0.125347
0.0647775
0.0812983
0.0403283
0.050345
0.0245071
0.0303833
0.0149797
0.0183524
0.00901051
0.0109212
0.00554194
0.00663511
-0.00325881
0.00393532
-0.00198352
0.00236197
-0.00121013
0.00142104
-0.000741758
0.00085966
-0.000453778
0.000520781
-0.000294715
0.000337848
-0.000212815
0.000247578
-0.000187423
0.000224641
-0.000212566
0.000261911
-0.000301106
0.000374723
-0.000467947
0.000579711
-0.000760614
0.000931723
-0.00125805
0.00152031
0.00210918
0.00256973
0.00347312
0.00417617
0.00584259
0.00694372
0.00969289
0.0113731
0.0160928
0.0187348
0.0260589
0.0301484
0.0403456
0.0464667
0.0589425
0.067762
0.093132
0.106993
0.149471
0.171933
0.241492
0.278633
0.415787
0.478565
0.682898
0.79005
1.09642
1.27653
1.74433
2.04612
2.6452
3.12844
3.89271
4.64206
1.12629
1.33608
1.16064
1.41525
1.08086
1.33942
0.887673
1.11918
0.677388
0.868187
0.49077
0.638221
0.339796
0.447235
0.220487
0.289095
0.150972
0.199414
0.104159
0.138091
0.0709815
0.0941377
0.0508312
0.0672934
0.0357165
0.0469542
0.0231758
0.0301346
0.0149128
0.0191213
0.00948745
0.0118795
0.0061718
0.0075637
0.00389834
0.00466242
-0.00237101
0.00288528
-0.00154041
0.00182304
-0.000944958
0.0010875
-0.000597952
0.000670474
-0.000376538
0.000413849
-0.000250275
0.000273793
-0.000176035
0.000197248
-0.00015776
0.00018622
-0.000174935
0.000216441
-0.00024174
0.00030404
-0.000368007
0.000458351
-0.000605227
0.000736898
-0.000956282
0.00113339
0.00154124
0.00185705
0.00252163
0.00296038
0.00400053
0.00458882
0.00651848
0.00728971
0.0104012
0.0114509
0.0164418
0.017872
0.0239373
0.0257954
0.0337443
0.0362465
0.0507201
0.0544037
0.0744433
0.0799879
0.110988
0.119871
0.181978
0.195451
0.274483
0.297862
0.399574
0.439271
0.563205
0.628538
0.763166
0.865661
0.96666
1.1145
0.262057
0.307014
0.262368
0.328486
0.242649
0.30997
0.207821
0.271529
0.172122
0.22994
0.134445
0.183304
0.100451
0.139261
0.0710743
0.0978005
0.0527183
0.0732854
0.0386479
0.0539699
0.0285205
0.0398034
0.0217539
0.0302285
0.016742
0.0230597
0.0111258
0.0150777
0.00787467
0.0104504
0.00526981
0.00675194
0.00346991
0.00430597
0.0023185
0.00277462
-0.00147914
0.00181688
-0.000977453
0.00115209
-0.000639567
0.000723331
-0.000419104
0.00045609
-0.000277985
0.000293626
-0.000184316
0.000193098
-0.000135197
0.000146153
-0.00011689
0.000135494
-0.000130037
0.000160713
-0.000171281
0.000216501
-0.000254082
0.000316816
-0.000397501
0.00047978
-0.000628818
0.000729692
0.000960687
0.00114291
0.00151498
0.00173436
0.00241856
0.00267549
0.00381984
0.00407181
0.00562803
0.00586159
0.00880578
0.00900333
0.0117932
0.0119264
0.0158212
0.0158899
0.0220881
0.0221029
0.0310794
0.0311353
0.0433262
0.0436959
0.0660129
0.0659324
0.0927159
0.0939024
0.125307
0.129186
0.162047
0.17043
0.20658
0.221921
0.249547
0.273639
0.0617867
0.0716597
0.060484
0.0770526
0.0549537
0.0722956
0.0492271
0.0668098
0.0423128
0.0591378
0.0355307
0.0509921
0.0274909
0.0402904
0.0212317
0.0307307
0.0167199
0.0245118
0.0128872
0.018993
0.0101678
0.0149657
0.00813449
0.0119146
0.00640683
0.00924447
0.00479501
0.00676921
0.00347577
0.00477356
0.00250588
0.00328658
0.00178342
0.00224367
0.00121108
0.00145301
-0.000821784
0.00102111
-0.000553013
0.000650956
-0.000382848
0.000427007
-0.00026471
0.000280743
-0.00017836
0.000182003
-0.000126603
0.000127775
-9.44408e-05
9.87039e-05
-8.2097e-05
9.28941e-05
-8.54862e-05
0.000104579
-0.000110697
0.000139595
-0.000156679
0.000194472
-0.000234409
0.00027943
-0.000369809
0.000419224
0.000527448
0.000618491
0.000831991
0.000928247
0.00124749
0.0013317
0.00186107
0.00189315
0.00271188
0.0026763
0.00381453
0.00367241
0.00507198
0.00479507
0.0065125
0.00610764
0.00855199
0.0079766
0.011587
0.0108169
0.0152197
0.0143253
0.0214546
0.0198948
0.0290061
0.0273744
0.0361347
0.0349062
0.0442852
0.0439461
0.0524591
0.0536414
0.0614894
0.0649588
0.0155271
0.0178385
0.014559
0.0188127
0.0133305
0.0180596
0.0120024
0.0169807
0.010303
0.015143
0.008797
0.0133414
0.0072308
0.0112253
0.00605724
0.00923509
0.00489169
0.00757038
0.00407111
0.00633492
0.00335725
0.005215
0.00277486
0.00428336
0.00231998
0.00351433
0.00181963
0.00267983
0.00137939
0.00196325
0.00104797
0.00140955
0.00079979
0.00102243
0.000603757
0.000728419
-0.00040675
0.000512926
-0.000297457
0.000351108
-0.000214257
0.000236649
-0.000147873
0.000153593
-0.000108536
0.000107541
-7.66523e-05
7.4752e-05
-5.88076e-05
5.95497e-05
-5.05719e-05
5.59021e-05
-5.36217e-05
6.45422e-05
-6.38541e-05
7.97103e-05
-9.08879e-05
0.000111653
-0.000132157
0.000154789
-0.000194328
0.000214469
0.000276661
0.000318874
0.00039817
0.000432204
0.00056477
0.000581036
0.000812491
0.000788096
0.0011454
0.00107028
0.00155574
0.00140845
0.0019622
0.00173704
0.00246668
0.00216218
0.00310473
0.00270376
0.00385405
0.00335568
0.00498384
0.00437867
0.00651474
0.00560773
0.00827076
0.00725911
0.0100465
0.00906673
0.0120832
0.0112995
0.0138044
0.0134627
0.0154291
0.0157755
0.00367102
0.00418019
0.00325627
0.00424651
0.00309633
0.00429963
0.00284076
0.00417752
0.00253443
0.00391623
0.00216386
0.0034738
0.00189558
0.0031224
0.00164242
0.00264027
0.00140903
0.00230273
0.00121218
0.00199102
0.00105658
0.00172906
0.000922556
0.00149553
0.000812839
0.00129339
0.000635837
0.000978201
0.000521218
0.000769889
0.000427981
0.000591809
0.000342308
0.000446134
0.000261263
0.000318313
-0.000189694
0.000243866
-0.000145878
0.000173594
-0.000107082
0.00011791
-7.93655e-05
8.13096e-05
-5.8711e-05
5.68889e-05
-4.34501e-05
4.12888e-05
-3.51074e-05
3.45261e-05
-2.96089e-05
3.17206e-05
-3.01565e-05
3.54269e-05
-3.57551e-05
4.37508e-05
-4.7541e-05
5.72738e-05
-6.83152e-05
7.81304e-05
-9.65721e-05
0.000103278
0.000126346
0.000142543
0.000182197
0.000191828
0.000249533
0.00024696
0.000336689
0.000311266
0.000444117
0.000392828
0.000611082
0.000520774
0.000730341
0.000608938
0.000870292
0.000715767
0.00103442
0.000842598
0.0012537
0.00101924
0.00151283
0.00124141
0.00192804
0.00154019
0.00228978
0.0018687
0.0027478
0.00232125
0.00311435
0.00275592
0.00340687
0.00318582
0.00357886
0.00356085
0.00092331
0.00104081
0.000838769
0.00113032
0.0007606
0.00110266
0.000687245
0.00106408
0.000614143
0.00100494
0.000555738
0.000949074
0.000492315
0.00086474
0.000437833
0.000744182
0.000398604
0.000688827
0.000351518
0.000610121
0.000320558
0.000553304
0.000291701
0.000498259
0.000262934
0.00043717
0.00023458
0.00037637
0.000192506
0.000295341
0.000162198
0.000231094
0.000135377
0.000180513
0.000111092
0.000137363
-8.29459e-05
0.000109275
-6.41361e-05
7.75129e-05
-5.11572e-05
5.67375e-05
-4.06719e-05
4.15654e-05
-3.03081e-05
2.9015e-05
-2.33859e-05
2.18081e-05
-1.88437e-05
1.80935e-05
-1.63867e-05
1.70724e-05
-1.62958e-05
1.85877e-05
-1.93643e-05
2.29858e-05
-2.41256e-05
2.81703e-05
-3.19565e-05
3.54251e-05
-4.52186e-05
4.66717e-05
5.69014e-05
6.26064e-05
7.7046e-05
7.85398e-05
0.0001021
9.71647e-05
0.000135689
0.000119688
0.000179611
0.000150976
0.000216468
0.000174986
0.000256439
0.000200916
0.000292481
0.000225672
0.0003345
0.000254839
0.000397737
0.000301964
0.000447232
0.000342206
0.000560258
0.000413599
0.000654764
0.000494499
0.00073562
0.000577195
0.000824551
0.000681129
0.000902001
0.000793633
0.000972301
0.000919419
0.000215166
0.000240652
0.000192604
0.000263248
0.000180362
0.000270611
0.000165848
0.000270033
0.000151615
0.000263878
0.000137308
0.000250899
0.000122638
0.00023024
0.00011888
0.000214042
0.000108643
0.000199012
0.000100391
0.000184415
9.31911e-05
0.000169874
8.77083e-05
0.00015782
8.27263e-05
0.000144492
7.30813e-05
0.00012225
6.5406e-05
0.00010416
6.04238e-05
8.88691e-05
5.07627e-05
6.95283e-05
4.47817e-05
5.65162e-05
-3.41592e-05
4.63905e-05
-2.83772e-05
3.51132e-05
-2.33178e-05
2.65423e-05
-1.83588e-05
1.9291e-05
-1.46485e-05
1.4322e-05
-1.17271e-05
1.10322e-05
-9.66849e-06
9.23416e-06
-8.57041e-06
8.73868e-06
-8.49899e-06
9.32805e-06
-9.5248e-06
1.08321e-05
-1.19085e-05
1.34307e-05
-1.52026e-05
1.63994e-05
-2.00946e-05
2.01065e-05
2.4433e-05
2.63141e-05
3.09754e-05
3.07175e-05
4.09653e-05
3.77345e-05
4.99123e-05
4.23763e-05
6.09471e-05
4.90529e-05
7.51726e-05
5.76671e-05
8.53492e-05
6.32704e-05
9.36836e-05
6.81614e-05
0.000105654
7.56565e-05
0.000119094
8.47182e-05
0.000133879
9.58502e-05
0.000154655
0.000105809
0.000179156
0.000125128
0.000199124
0.000145169
0.000214542
0.000166334
0.00022563
0.000189062
0.000229646
0.000210735
5.50421e-05
6.3062e-05
4.78643e-05
7.03764e-05
4.30285e-05
7.03406e-05
3.89886e-05
6.97893e-05
3.60292e-05
6.93002e-05
3.28267e-05
6.6292e-05
3.06344e-05
6.32298e-05
3.03972e-05
5.92748e-05
2.9071e-05
5.74327e-05
2.786e-05
5.49395e-05
2.64459e-05
5.14558e-05
2.56224e-05
4.88368e-05
2.51496e-05
4.64322e-05
2.41476e-05
4.25443e-05
2.24043e-05
3.74075e-05
2.08787e-05
3.20002e-05
1.89468e-05
2.6892e-05
1.66125e-05
2.15145e-05
-1.32168e-05
1.82995e-05
-1.22421e-05
1.45786e-05
9.2898e-06
1.15852e-05
-6.93869e-06
9.41065e-06
-6.29168e-06
7.18787e-06
-5.38037e-06
5.60746e-06
-4.49335e-06
4.59754e-06
-4.25673e-06
4.4712e-06
-4.38725e-06
4.62762e-06
-4.99277e-06
4.87774e-06
5.55465e-06
6.22091e-06
-6.64276e-06
7.99798e-06
-8.45859e-06
8.84856e-06
9.90908e-06
1.10216e-05
1.27901e-05
1.29209e-05
1.57455e-05
1.46438e-05
1.91321e-05
1.62723e-05
2.25803e-05
1.80778e-05
2.55814e-05
1.95025e-05
2.77609e-05
2.04379e-05
2.99296e-05
2.14841e-05
3.32037e-05
2.33546e-05
3.59227e-05
2.49988e-05
3.85204e-05
2.68568e-05
4.38468e-05
2.88672e-05
4.85433e-05
3.24377e-05
5.32473e-05
3.70743e-05
5.59844e-05
4.15496e-05
5.86259e-05
4.72495e-05
6.05525e-05
5.37923e-05
7.8383e-06
1.94191e-05
6.17757e-06
1.87078e-05
5.0424e-06
1.81505e-05
4.30712e-06
1.74355e-05
3.94641e-06
1.66469e-05
3.92802e-06
1.61589e-05
4.04762e-06
1.53357e-05
4.6889e-06
1.45085e-05
4.84699e-06
1.41076e-05
5.05322e-06
1.37146e-05
5.26807e-06
1.33229e-05
5.50649e-06
1.30357e-05
5.64099e-06
1.25849e-05
5.52034e-06
1.14026e-05
5.54753e-06
1.05917e-05
5.477e-06
9.46638e-06
5.25317e-06
8.37207e-06
4.89973e-06
7.15291e-06
-3.93835e-06
6.36772e-06
-3.56896e-06
5.26665e-06
-3.11066e-06
4.44764e-06
-2.51397e-06
3.72142e-06
-2.15649e-06
3.11126e-06
-1.8696e-06
2.68142e-06
-1.65803e-06
2.47682e-06
-1.60497e-06
2.51964e-06
-1.71306e-06
2.75883e-06
-1.98732e-06
3.17026e-06
-2.39928e-06
3.81421e-06
-2.9636e-06
4.3981e-06
-3.79783e-06
5.08086e-06
4.23185e-06
6.16192e-06
5.2388e-06
6.88243e-06
6.23913e-06
7.55586e-06
7.36226e-06
8.22471e-06
8.29564e-06
8.8961e-06
9.34415e-06
9.55224e-06
9.80401e-06
9.79585e-06
1.01458e-05
1.01131e-05
1.05146e-05
1.04864e-05
1.08088e-05
1.08805e-05
1.10309e-05
1.13678e-05
1.18715e-05
1.1863e-05
1.23328e-05
1.27585e-05
1.23065e-05
1.34759e-05
1.22473e-05
1.45474e-05
1.18823e-05
1.56747e-05
1.12194e-05
1.68333e-05
-1.81088e-05
1.46826e-05
-2.07227e-05
8.85651e-06
-2.04773e-05
4.71075e-06
-1.91176e-05
1.19281e-06
-1.71296e-05
-1.45925e-06
-1.49245e-05
-3.26451e-06
-1.27697e-05
-4.38324e-06
-1.073e-05
-4.67097e-06
-9.09686e-06
-4.93683e-06
-7.82209e-06
-5.01585e-06
-6.63273e-06
-4.80886e-06
-5.67926e-06
-4.45526e-06
-4.75919e-06
-3.93034e-06
-3.74535e-06
-3.04425e-06
-3.11201e-06
-2.51316e-06
-2.57233e-06
-1.84289e-06
-2.07744e-06
-1.18851e-06
-1.72919e-06
-6.33826e-07
1.32231e-06
-2.60544e-07
1.05737e-06
1.76169e-07
8.83922e-07
5.48688e-07
7.5435e-07
8.5532e-07
6.20957e-07
1.10524e-06
4.99598e-07
1.37036e-06
3.73568e-07
1.73551e-06
1.83001e-07
2.08486e-06
-6.70781e-08
2.60774e-06
-4.21455e-07
3.28438e-06
-8.82518e-07
4.03095e-06
-1.45629e-06
4.85802e-06
-2.20208e-06
5.92638e-06
2.39617e-06
7.36341e-06
3.08135e-06
8.24113e-06
3.85646e-06
9.45133e-06
4.65538e-06
1.06171e-05
5.20617e-06
1.17868e-05
5.58558e-06
1.31834e-05
5.62219e-06
1.41905e-05
5.44512e-06
1.50487e-05
5.00794e-06
1.60128e-05
4.14392e-06
1.66276e-05
3.03761e-06
1.76967e-05
1.95921e-06
1.9129e-05
-7.09941e-08
2.03243e-05
-2.72045e-06
2.12683e-05
-6.0134e-06
2.16401e-05
-9.81432e-06
2.10021e-05
-1.37041e-05
1.89115e-05
-8.41128e-05
4.36027e-05
-9.00781e-05
1.55006e-05
-8.80351e-05
-2.53106e-06
-8.1025e-05
-1.67126e-05
-7.2006e-05
-2.65491e-05
-6.27879e-05
-3.26742e-05
-5.29562e-05
-3.5221e-05
-4.46581e-05
-3.43907e-05
-3.74493e-05
-3.37242e-05
-3.19765e-05
-3.26143e-05
-2.75381e-05
-3.08882e-05
-2.41046e-05
-2.88372e-05
-2.13797e-05
-2.68017e-05
-1.74127e-05
-2.23575e-05
-1.49873e-05
-1.91427e-05
-1.28224e-05
-1.53891e-05
-1.08175e-05
-1.19783e-05
-9.11551e-06
-8.9376e-06
6.99247e-06
-7.05648e-06
5.92851e-06
-4.78852e-06
5.01109e-06
-2.91258e-06
4.2198e-06
-1.38776e-06
3.57875e-06
-1.47535e-07
3.0109e-06
9.17985e-07
2.48193e-06
1.91764e-06
1.97884e-06
2.96459e-06
1.40775e-06
4.14449e-06
7.11932e-07
5.51647e-06
-1.58546e-07
7.21934e-06
-1.2586e-06
9.24036e-06
-2.61025e-06
1.16225e-05
2.83739e-06
1.47266e-05
4.41372e-06
1.80542e-05
6.10671e-06
2.18613e-05
7.97303e-06
2.59683e-05
9.17776e-06
2.9932e-05
1.05263e-05
3.60255e-05
1.05504e-05
3.9508e-05
1.00512e-05
4.31064e-05
8.68654e-06
4.72775e-05
6.21068e-06
5.18037e-05
2.44119e-06
5.78164e-05
-1.80733e-06
6.50266e-05
-9.72621e-06
7.15128e-05
-2.01854e-05
7.53422e-05
-3.35011e-05
7.67969e-05
-4.91059e-05
7.40286e-05
-6.47906e-05
6.49758e-05
-0.000364376
0.000182909
-0.000397421
4.85279e-05
-0.000363162
-3.41199e-05
-0.000316259
-8.94474e-05
-0.000277603
-0.000125682
-0.000231562
-0.000140974
-0.000189361
-0.000143165
-0.000151064
-0.000130008
-0.000126245
-0.000125345
-0.000103878
-0.000115543
-8.67489e-05
-0.000105331
-7.40826e-05
-9.54752e-05
-6.29213e-05
-8.46878e-05
-5.28299e-05
-7.25106e-05
-4.25587e-05
-5.81313e-05
-3.38086e-05
-4.36682e-05
-2.83176e-05
-3.40519e-05
-2.30378e-05
-2.48758e-05
1.70783e-05
-1.93026e-05
1.4146e-05
-1.31992e-05
1.16756e-05
-8.32262e-06
9.78763e-06
-4.59519e-06
7.9221e-06
-1.54106e-06
6.83961e-06
8.90777e-07
5.51675e-06
3.044e-06
4.5549e-06
5.40724e-06
3.23566e-06
7.73152e-06
1.86459e-06
1.10983e-05
-2.66247e-08
1.48791e-05
-2.49158e-06
1.98243e-05
-5.66394e-06
2.58858e-05
6.53301e-06
3.41157e-05
1.07664e-05
4.39623e-05
1.52257e-05
5.42863e-05
2.16894e-05
7.03077e-05
2.71885e-05
8.7631e-05
3.10817e-05
0.00010362
3.31691e-05
0.000119591
3.32303e-05
0.000134867
3.09478e-05
0.000154015
2.52656e-05
0.000177184
1.38782e-05
0.000197268
1.54944e-06
0.000237235
-2.55267e-05
0.000270602
-6.55071e-05
0.000298883
-0.000117928
0.00030846
-0.000190633
0.000313055
-0.000277459
0.000290763
0.000705175
0.00140776
-0.00150132
9.22028e-05
-0.00141598
-0.000240986
-0.00123925
-0.000455737
-0.00103387
-0.000560688
-0.000830874
-0.000582266
-0.000649855
-0.000551322
-0.000519384
-0.000492869
-0.000406648
-0.000438444
-0.000319281
-0.000381646
-0.000258698
-0.000335047
-0.000214713
-0.000293841
-0.000178149
-0.000252283
-0.000135545
-0.000195672
-0.000106009
-0.000152515
-8.49203e-05
-0.000116086
-6.60255e-05
-8.45425e-05
-5.11067e-05
-5.92591e-05
3.70284e-05
-4.50615e-05
2.98027e-05
-3.03657e-05
2.31672e-05
-1.84135e-05
1.92575e-05
-1.04744e-05
1.56946e-05
-4.09722e-06
1.28496e-05
9.62701e-07
1.08619e-05
5.5514e-06
8.36016e-06
9.87457e-06
5.9992e-06
1.51691e-05
3.02079e-06
2.18269e-05
-9.8392e-07
2.96888e-05
-6.5636e-06
4.21406e-05
-1.3971e-05
5.67099e-05
1.68611e-05
7.64953e-05
2.81417e-05
0.000103671
4.20964e-05
0.000137957
5.87701e-05
0.000177282
7.60088e-05
0.000228137
9.66752e-05
0.000299045
0.000107559
0.000351879
0.000114129
0.000411657
0.000114554
0.000486028
0.00010761
0.000590028
8.3351e-05
0.000711455
5.20116e-05
0.000852773
-3.19346e-05
0.00101794
-0.000171484
0.00116895
-0.0003798
0.00127198
-0.000660258
0.00128729
-0.000984647
0.00116062
-0.00615221
0.00307908
0.00283674
0.00602895
-0.00584959
-0.00151
-0.0048522
-0.00227477
-0.00387547
-0.00251934
-0.00294055
-0.00238433
-0.00221633
-0.00212052
-0.00164975
-0.00173704
-0.00125207
-0.00147555
-0.000950983
-0.00122673
-0.000745616
-0.001031
-0.000592341
-0.000857977
-0.000469551
-0.000702988
-0.000352373
-0.000536385
-0.000255378
-0.000387329
-0.000191732
-0.000277776
-0.000145943
-0.000199341
-0.000112078
-0.000139958
7.4489e-05
-9.74885e-05
5.73119e-05
-6.36984e-05
4.42273e-05
-3.91148e-05
3.48112e-05
-2.17672e-05
2.82378e-05
-9.23769e-06
7.49625e-06
-2.14485e-05
9.27819e-06
-1.8473e-05
1.27173e-05
-1.88212e-05
9.47915e-06
2.81291e-05
3.40498e-06
4.08384e-05
-4.79637e-06
5.86774e-05
-1.65563e-05
8.37421e-05
-3.31845e-05
0.000117539
4.45213e-05
0.000172751
7.1536e-05
0.000235097
0.000106603
0.000318357
0.000155825
0.000434548
0.000216684
0.000601124
0.000279593
0.000794525
0.000330526
0.000987175
0.000383387
0.00123306
0.000416802
0.00151504
0.000433334
0.00189791
0.000401151
0.00235821
0.000370187
0.00305489
0.00014696
0.0037995
-0.000306799
0.00463024
-0.00108925
0.00526093
-0.00229793
0.00559134
0.0031225
0.00587724
0.0124201
0.0248196
0.0117819
0.0246894
-0.022627
-0.00862311
-0.0181494
-0.0109727
-0.0136353
-0.0107803
-0.0101029
-0.00960518
-0.00726074
-0.00792154
-0.00511609
-0.0060348
-0.00370221
-0.00480067
-0.00270753
-0.00378757
-0.00202405
-0.00300102
-0.0015472
-0.00238601
-0.00115808
-0.00183673
-0.00082927
-0.00133303
-0.000590867
-0.000946221
-0.000429396
-0.000660799
-0.000301436
-0.000440914
-0.000213622
-0.000289144
0.000138458
-0.00019552
9.95856e-05
-0.000121746
7.54057e-05
-7.52245e-05
5.6983e-05
-4.17256e-05
1.34575e-05
-4.68203e-05
1.32893e-05
-3.57351e-05
1.48588e-05
-2.9697e-05
2.06141e-05
-3.20382e-05
2.9347e-05
-3.8786e-05
7.93748e-07
7.04416e-05
-1.48953e-05
0.000105088
-3.74869e-05
0.00015203
-7.29514e-05
0.000226834
0.000102496
0.000342195
0.000170641
0.000502085
0.000268881
0.000734284
0.000399171
0.00103216
0.000564378
0.00145214
0.000769553
0.00201599
0.000977587
0.00266118
0.00118933
0.00342625
0.00142716
0.00450035
0.00164235
0.00591073
0.00177447
0.00776071
0.00200418
0.0106478
0.00164467
0.0139535
0.000458862
0.0174908
-0.00210366
0.0212008
-0.00666295
0.0233027
0.0126239
0.0240801
0.0529167
0.105734
0.0481172
0.101645
0.0407924
0.0902878
-0.0640157
-0.0504722
-0.0462064
-0.044966
-0.0329427
-0.0370819
-0.0223536
-0.0280396
-0.0147289
-0.0196196
-0.0100428
-0.0144193
-0.00713621
-0.010876
-0.0049293
-0.00786756
-0.00364702
-0.00601433
-0.00268566
-0.00451728
-0.00183823
-0.0031203
-0.00121967
-0.00206302
-0.00082524
-0.00135223
-0.000539638
-0.000849283
-0.000365274
-0.000540034
0.000231318
-0.000354305
0.000159247
-0.000216599
0.000113868
-0.000130703
8.17799e-05
-7.22238e-05
2.37619e-05
-7.15777e-05
2.06713e-05
-5.19272e-05
2.23116e-05
-4.46192e-05
2.91389e-05
-4.76898e-05
4.29863e-05
-6.19333e-05
-8.69608e-06
0.000108645
-3.6166e-05
0.000169193
-7.75043e-05
0.00025661
-0.000144081
0.000396028
0.000211766
0.000612945
0.000353302
0.000934892
0.000581819
0.00145921
0.000909342
0.00219107
0.00137608
0.00330177
0.00197245
0.00478769
0.00261447
0.00650647
0.00335752
0.00871787
0.0044503
0.0123158
0.0056319
0.0170396
0.00699646
0.0239929
0.00915572
0.0351738
0.0100277
0.0491431
0.00835467
0.0645979
0.00201685
0.0823383
0.04834
0.0877827
0.0532578
0.100866
0.24977
0.499345
0.219222
0.458782
0.178541
0.384874
-0.220586
-0.229308
-0.1475
-0.178585
-0.0967583
-0.13016
-0.0617206
-0.0897494
-0.0378426
-0.057399
-0.0245587
-0.0392878
-0.0159323
-0.0265812
-0.010677
-0.0183964
-0.00769792
-0.0135473
-0.00514044
-0.0091779
-0.00326694
-0.00586904
-0.00210785
-0.00377861
-0.00132255
-0.00231891
-0.000847405
-0.00144419
-0.000542085
-0.000883431
0.000338363
-0.000565855
0.000224448
-0.000344185
0.00014706
-0.000198671
5.3776e-05
-0.000150934
3.72535e-05
-9.78405e-05
2.91622e-05
-6.81604e-05
3.03331e-05
-6.06598e-05
3.70798e-05
-6.43073e-05
5.60191e-05
-8.86758e-05
8.86278e-05
-0.000133825
-7.07794e-05
0.000237155
-0.00014076
0.000386286
-0.00024963
0.000610021
0.000381112
0.000962485
0.00064556
0.00154073
0.00105807
0.00244055
0.00175002
0.00393424
0.00271838
0.00609707
0.00422581
0.0095474
0.00615142
0.0141361
0.00834894
0.0196746
0.0118821
0.0291286
0.0169979
0.0439906
0.0237469
0.066153
0.0352688
0.104628
0.0465779
0.157074
0.0548831
0.227071
0.0515581
0.316479
0.202342
0.37647
0.237404
0.453999
1.26654
2.53275
1.00649
2.07737
0.711796
1.49069
-0.648957
-0.917926
-0.392536
-0.60527
-0.238171
-0.389444
-0.141482
-0.241458
-0.0796003
-0.138956
-0.0493838
-0.0886992
-0.0304421
-0.0558955
-0.0189735
-0.0354287
-0.0129037
-0.0243665
-0.00833148
-0.0158549
-0.00508351
-0.00970543
-0.00307157
-0.00585609
-0.00186005
-0.00350499
-0.00115008
-0.00213457
-0.000712386
-0.00129088
0.00041626
-0.000764945
0.000261069
-0.000457535
0.000167531
-0.000273407
7.73032e-05
-0.000183157
5.05535e-05
-0.000116135
3.81825e-05
-8.28305e-05
3.60299e-05
-7.20591e-05
4.34797e-05
-8.04836e-05
6.28589e-05
-0.000110649
0.00010066
-0.000172663
-0.000118823
0.00029967
-0.000210444
0.000485814
-0.000363915
0.0007956
0.000607874
0.00134982
0.00102134
0.00220812
0.00169276
0.00360002
0.00284712
0.00598004
0.00471702
0.00989386
0.00767786
0.0161618
0.0117175
0.0248743
0.0170497
0.0366365
0.026582
0.0581843
0.0418102
0.0938145
0.064896
0.150491
0.109733
0.261449
0.170384
0.428403
0.250894
0.68291
0.347645
1.07775
0.770211
1.47244
1.06206
2.05888
